1 191 921.41 1549.05 43 921.41 1560.34 11.2920
2 191 921.41 1549.05 42 822.60 1560.34 99.4483
3 207 970.81 1546.22 45 970.81 1558.93 12.7036
4 207 970.81 1546.22 191 921.41 1549.05 49.4832
5 48 1023.03 1543.40 9 1024.45 1558.93 15.5906
6 48 1023.03 1543.40 207 970.81 1546.22 52.3018
7 52 1072.44 1539.17 10 1073.85 1560.34 21.2196
8 48 1023.03 1543.40 52 1072.44 1539.17 49.5838
9 88 1350.50 1536.34 15 1347.68 1558.93 22.7599
10 82 1296.87 1534.93 88 1350.50 1536.34 53.6557
11 82 1296.87 1534.93 14 1296.87 1558.93 23.9956
12 82 1296.87 1534.93 65 1226.29 1530.70 70.7020
13 65 1226.29 1530.70 12 1223.47 1557.52 26.9668
14 65 1226.29 1530.70 52 1072.44 1539.17 154.0867
15 107 1524.12 1529.29 17 1525.53 1558.93 29.6752
16 159 579.95 1526.24 38 589.70 1558.93 34.1072
17 159 579.95 1526.24 36 514.89 1558.93 72.8093
18 107 1524.12 1529.29 89 1357.56 1516.58 167.0410
19 88 1350.50 1536.34 89 1357.56 1516.58 20.9835
20 106 1524.12 1503.88 107 1524.12 1529.29 25.4070
21 91 1363.21 1489.76 106 1524.12 1503.88 161.5292
22 89 1357.56 1516.58 91 1363.21 1489.76 27.4065
23 83 1298.28 1486.94 91 1363.21 1489.76 64.9905
24 83 1298.28 1486.94 82 1296.87 1534.93 48.0118
25 66 1230.53 1484.12 83 1298.28 1486.94 67.8109
26 65 1226.29 1530.70 66 1230.53 1484.12 46.7717
27 39 723.09 1559.63 169 721.68 1458.01 101.6380
28 159 579.95 1526.24 169 721.68 1458.01 157.2965
29 169 721.68 1458.01 175 766.28 1433.62 50.8334
30 46 98.13 1560.92 208 98.13 1430.15 130.7716
31 1 -0.35 1430.61 208 98.13 1430.15 98.4766
32 34 246.33 1558.02 138 246.33 1430.15 127.8656
33 208 98.13 1430.15 138 246.33 1430.15 148.2078
34 191 921.41 1549.05 185 912.94 1429.07 120.2763
35 47 1014.57 1427.66 48 1023.03 1543.40 116.0526
36 108 1524.82 1426.95 106 1524.12 1503.88 76.9302
37 104 1453.54 1427.66 108 1524.82 1426.95 71.2844
38 108 1524.82 1426.95 19 1555.88 1426.95 31.0530
39 35 388.69 1561.02 152 386.52 1426.27 134.7696
40 138 246.33 1430.15 152 386.52 1426.27 140.2394
41 52 1072.44 1539.17 51 1063.97 1426.25 113.2373
42 51 1063.97 1426.25 47 1014.57 1427.66 49.4227
43 93 1384.38 1426.25 104 1453.54 1427.66 69.1781
44 91 1363.21 1489.76 93 1384.38 1426.25 69.8981
45 206 965.16 1424.84 47 1014.57 1427.66 49.4832
46 207 970.81 1546.22 206 965.16 1424.84 121.5204
47 185 912.94 1429.07 206 965.16 1424.84 52.3970
48 67 1243.23 1424.84 66 1230.53 1484.12 61.7088
49 55 1097.84 1423.42 67 1243.23 1424.84 145.3916
50 51 1063.97 1426.25 55 1097.84 1423.42 33.9935
51 93 1384.38 1426.25 67 1243.23 1424.84 141.1573
52 175 766.28 1433.62 157 577.78 1421.92 188.8691
53 159 579.95 1526.24 157 577.78 1421.92 104.3469
54 152 386.52 1426.27 157 577.78 1421.92 191.3104
55 182 795.78 1419.19 185 912.94 1429.07 117.7925
56 41 788.73 1558.93 182 795.78 1419.19 139.9169
57 175 766.28 1433.62 182 795.78 1419.19 32.8417
58 111 1527.65 1377.55 30 1560.11 1378.96 32.4951
59 111 1527.65 1377.55 108 1524.82 1426.95 49.4832
60 206 965.16 1424.84 205 959.52 1340.15 84.8782
61 205 959.52 1340.15 182 795.78 1419.19 181.8156
62 109 1526.24 1330.97 111 1527.65 1377.55 46.6010
63 109 1526.24 1330.97 21 1557.29 1330.97 31.0530
64 138 246.33 1430.15 137 246.33 1287.75 142.3956
65 152 386.52 1426.27 151 384.35 1284.99 141.2891
66 137 246.33 1287.75 151 384.35 1284.99 138.0398
67 193 95.22 1284.85 137 246.33 1287.75 151.1417
68 208 98.13 1430.15 193 95.22 1284.85 145.3307
69 0 -0.35 1284.99 193 95.22 1284.85 95.5696
70 204 959.52 1282.27 205 959.52 1340.15 57.8716
71 157 577.78 1421.92 156 577.78 1280.65 141.2725
72 151 384.35 1284.99 156 577.78 1280.65 193.4833
73 181 791.55 1279.45 204 959.52 1282.27 167.9925
74 182 795.78 1419.19 181 791.55 1279.45 139.8029
75 181 791.55 1279.45 156 577.78 1280.65 213.7703
76 110 1527.65 1277.33 25 1558.70 1278.74 31.0850
77 110 1527.65 1277.33 109 1526.24 1330.97 53.6557
78 103 1453.54 1276.63 110 1527.65 1277.33 74.1072
79 104 1453.54 1427.66 103 1453.54 1276.63 151.0308
80 103 1453.54 1276.63 92 1384.38 1276.63 69.1637
81 68 1244.64 1273.80 92 1384.38 1276.63 139.7673
82 68 1244.64 1273.80 67 1243.23 1424.84 151.0374
83 63 1103.49 1266.75 55 1097.84 1423.42 156.7785
84 205 959.52 1340.15 63 1103.49 1266.75 161.6031
85 63 1103.49 1266.75 204 959.52 1282.27 145.9468
86 181 791.55 1279.45 180 788.73 1215.93 63.5803
87 155 577.78 1215.44 180 788.73 1215.93 210.9445
88 156 577.78 1280.65 155 577.78 1215.44 65.2025
89 74 1246.05 1187.70 68 1244.64 1273.80 86.1133
90 63 1103.49 1266.75 74 1246.05 1187.70 163.0087
91 193 95.22 1284.85 192 95.22 1142.45 142.3958
92 192 95.22 1142.45 5 1.82 1143.72 93.4047
93 137 246.33 1287.75 131 240.52 1139.55 148.3217
94 131 240.52 1139.55 192 95.22 1142.45 145.3308
95 113 1530.47 1137.59 110 1527.65 1277.33 139.7673
96 113 1530.47 1137.59 20 1557.29 1137.59 26.8185
97 153 475.63 1139.38 148 382.17 1137.20 93.4824
98 151 384.35 1284.99 148 382.17 1137.20 147.8086
99 148 382.17 1137.20 131 240.52 1139.55 141.6703
100 204 959.52 1282.27 197 956.69 1136.89 145.4122
101 155 577.78 1215.44 158 579.95 1135.03 80.4460
102 153 475.63 1139.38 158 579.95 1135.03 104.4147
103 179 785.90 1134.07 197 956.69 1136.89 170.8151
104 180 788.73 1215.93 179 785.90 1134.07 81.9158
105 179 785.90 1134.07 158 579.95 1135.03 205.9498
106 63 1103.49 1266.75 61 1102.08 1134.07 132.6888
107 197 956.69 1136.89 61 1102.08 1134.07 145.4122
108 73 1246.05 1132.65 74 1246.05 1187.70 55.0486
109 61 1102.08 1134.07 73 1246.05 1132.65 143.9802
110 74 1246.05 1187.70 90 1358.85 1127.24 127.9810
111 73 1246.05 1132.65 90 1358.85 1127.24 112.9256
112 95 1387.20 1115.72 113 1530.47 1137.59 147.2969
113 92 1384.38 1276.63 95 1387.20 1115.72 160.9360
114 90 1358.85 1127.24 95 1387.20 1115.72 30.6053
115 113 1530.47 1137.59 117 1536.82 1042.32 95.4879
116 117 1536.82 1042.32 95 1387.20 1115.72 166.6530
117 117 1536.82 1042.32 24 1558.70 1031.73 24.3049
118 192 95.22 1142.45 186 92.31 1000.06 142.4253
119 4 1.82 1002.45 186 92.31 1000.06 90.5217
120 131 240.52 1139.55 129 237.62 1000.06 139.5200
121 186 92.31 1000.06 129 237.62 1000.06 145.3017
122 148 382.17 1137.20 146 380.00 998.10 139.1160
123 129 237.62 1000.06 146 380.00 998.10 142.3969
124 154 475.63 998.10 153 475.63 1139.38 141.2723
125 146 380.00 998.10 154 475.63 998.10 95.6305
126 197 956.69 1136.89 200 956.69 992.92 143.9733
127 200 956.69 992.92 183 883.30 992.92 73.3981
128 168 668.75 992.92 161 579.95 991.58 88.8028
129 158 579.95 1135.03 161 579.95 991.58 143.4458
130 154 475.63 998.10 161 579.95 991.58 104.5277
131 183 883.30 992.92 178 780.26 991.50 103.0493
132 179 785.90 1134.07 178 780.26 991.50 142.6735
133 178 780.26 991.50 168 668.75 992.92 111.5177
134 115 1534.00 991.50 117 1536.82 1042.32 50.8924
135 61 1102.08 1134.07 60 1100.67 990.09 143.9802
136 60 1100.67 990.09 200 956.69 992.92 144.0009
137 115 1534.00 991.50 94 1385.79 990.09 148.2145
138 94 1385.79 990.09 95 1387.20 1115.72 125.6317
139 94 1385.79 990.09 71 1244.64 988.68 141.1573
140 73 1246.05 1132.65 71 1244.64 988.68 143.9802
141 71 1244.64 988.68 60 1100.67 990.09 143.9802
142 186 92.31 1000.06 190 92.31 848.94 151.1138
143 129 237.62 1000.06 134 240.52 848.94 151.1418
144 190 92.31 848.94 134 240.52 848.94 148.2078
145 184 886.12 848.94 183 883.30 992.92 144.0009
146 80 1285.57 848.94 84 1337.80 848.94 52.2256
147 8 1.82 848.14 190 92.31 848.94 90.4936
148 59 1100.67 847.53 60 1100.67 990.09 142.5618
149 70 1244.64 847.53 80 1285.57 848.94 40.9579
150 71 1244.64 988.68 70 1244.64 847.53 141.1503
151 59 1100.67 847.53 70 1244.64 847.53 143.9733
152 101 1390.03 847.53 94 1385.79 990.09 142.6246
153 84 1337.80 848.94 101 1390.03 847.53 52.2447
154 116 1535.41 847.53 23 1557.99 848.94 22.6282
155 116 1535.41 847.53 115 1534.00 991.50 143.9802
156 101 1390.03 847.53 116 1535.41 847.53 145.3848
157 168 668.75 992.92 167 665.92 846.12 146.8234
158 202 958.11 846.12 59 1100.67 847.53 142.5687
159 202 958.11 846.12 200 956.69 992.92 146.8031
160 184 886.12 848.94 202 958.11 846.12 72.0420
161 177 775.06 845.99 184 886.12 848.94 111.0972
162 177 775.06 845.99 178 780.26 991.50 145.6080
163 167 665.92 846.12 177 775.06 845.99 109.1366
164 146 380.00 998.10 150 382.17 845.96 152.1550
165 134 240.52 848.94 150 382.17 845.96 141.6822
166 160 579.95 845.96 167 665.92 846.12 85.9699
167 161 579.95 991.58 160 579.95 845.96 145.6192
168 150 382.17 845.96 160 579.95 845.96 197.7813
169 79 1285.57 779.78 80 1285.57 848.94 69.1636
170 97 1387.20 779.78 101 1390.03 847.53 67.8109
171 69 1244.64 775.54 79 1285.57 779.78 41.1520
172 69 1244.64 775.54 70 1244.64 847.53 71.9866
173 86 1339.21 775.54 97 1387.20 779.78 48.1775
174 86 1339.21 775.54 84 1337.80 848.94 73.4117
175 134 240.52 848.94 136 243.43 773.39 75.6127
176 190 92.31 848.94 189 92.31 703.64 145.3018
177 160 579.95 845.96 162 580.53 703.64 142.3236
178 189 92.31 703.64 32 2.23 700.73 90.1339
179 136 243.43 773.39 123 164.97 700.73 106.9326
180 123 164.97 700.73 189 92.31 703.64 72.7090
181 136 243.43 773.39 140 313.17 700.73 100.7099
182 123 164.97 700.73 140 313.17 700.73 148.2078
183 147 380.01 700.73 162 580.53 703.64 200.5375
184 150 382.17 845.96 147 380.01 700.73 145.2445
185 140 313.17 700.73 147 380.01 700.73 66.8388
186 85 1339.21 697.91 86 1339.21 775.54 77.6326
187 97 1387.20 779.78 100 1390.03 697.91 81.9158
188 85 1339.21 697.91 100 1390.03 697.91 50.8141
189 78 1247.46 696.50 69 1244.64 775.54 79.0945
190 116 1535.41 847.53 119 1536.82 696.50 151.0374
191 100 1390.03 697.91 119 1536.82 696.50 146.8031
192 119 1536.82 696.50 29 1559.41 696.50 22.5841
193 81 1291.22 695.09 85 1339.21 697.91 48.0740
194 79 1285.57 779.78 81 1291.22 695.09 84.8781
195 78 1247.46 696.50 81 1291.22 695.09 43.7794
196 176 767.55 693.68 177 775.06 845.99 152.4967
197 162 580.53 703.64 176 767.55 693.68 187.2893
198 58 1100.67 690.85 78 1247.46 696.50 146.9048
199 59 1100.67 847.53 58 1100.67 690.85 156.6768
200 50 1031.50 689.44 58 1100.67 690.85 69.1780
201 199 956.69 688.03 50 1031.50 689.44 74.8230
202 199 956.69 688.03 202 958.11 846.12 158.0946
203 176 767.55 693.68 199 956.69 688.03 189.2255
204 140 313.17 700.73 135 243.43 619.37 107.1693
205 135 243.43 619.37 123 164.97 700.73 113.0369
206 189 92.31 703.64 194 95.22 558.34 145.3308
207 7 1.82 559.07 194 95.22 558.34 93.3989
208 135 243.43 619.37 133 240.52 558.34 61.0959
209 194 95.22 558.34 133 240.52 558.34 145.3017
210 162 580.53 703.64 164 584.30 556.90 146.7910
211 149 382.17 554.72 164 584.30 556.90 202.1398
212 147 380.01 700.73 149 382.17 554.72 146.0259
213 133 240.52 558.34 149 382.17 554.72 141.6970
214 174 761.91 553.94 176 767.55 693.68 139.8528
215 174 761.91 553.94 164 584.30 556.90 177.6298
216 99 1390.03 549.70 100 1390.03 697.91 148.2078
217 120 1538.23 549.70 119 1536.82 696.50 146.8031
218 99 1390.03 549.70 120 1538.23 549.70 148.2078
219 120 1538.23 549.70 28 1559.41 549.70 21.1726
220 198 956.69 548.29 199 956.69 688.03 139.7388
221 198 956.69 548.29 174 761.91 553.94 194.8692
222 62 1102.08 546.88 58 1100.67 690.85 143.9802
223 77 1247.46 546.88 99 1390.03 549.70 142.5897
224 77 1247.46 546.88 78 1247.46 696.50 149.6193
225 62 1102.08 546.88 77 1247.46 546.88 145.3848
226 62 1102.08 546.88 49 1031.50 545.47 70.5892
227 50 1031.50 689.44 49 1031.50 545.47 143.9733
228 49 1031.50 545.47 198 956.69 548.29 74.8629
229 54 1096.43 480.54 62 1102.08 546.88 66.5804
230 201 958.11 479.13 54 1096.43 480.54 138.3344
231 198 956.69 548.29 201 958.11 479.13 69.1780
232 194 95.22 558.34 188 92.31 413.04 145.3308
233 6 1.82 413.45 188 92.31 413.04 90.4910
234 133 240.52 558.34 132 240.52 413.04 145.3018
235 188 92.31 413.04 132 240.52 413.04 148.2078
236 149 382.17 554.72 145 380.00 409.11 145.6354
237 132 240.52 413.04 145 380.00 409.11 139.5329
238 164 584.30 556.90 163 584.30 409.11 147.7926
239 145 380.00 409.11 163 584.30 409.11 204.3016
240 173 756.26 408.55 174 761.91 553.94 145.4944
241 173 756.26 408.55 163 584.30 409.11 171.9600
242 54 1096.43 480.54 56 1097.84 405.73 74.8229
243 56 1097.84 405.73 196 955.28 402.91 142.5897
244 196 955.28 402.91 201 958.11 479.13 76.2734
245 173 756.26 408.55 196 955.28 402.91 199.1019
246 77 1247.46 546.88 76 1247.46 402.91 143.9732
247 56 1097.84 405.73 76 1247.46 402.91 149.6459
248 98 1388.61 402.91 99 1390.03 549.70 146.8031
249 76 1247.46 402.91 98 1388.61 402.91 141.1503
250 120 1538.23 549.70 118 1536.82 401.50 148.2145
251 98 1388.61 402.91 118 1536.82 401.50 148.2145
252 118 1536.82 401.50 27 1559.41 401.50 22.5841
253 188 92.31 413.04 187 92.31 256.11 156.9259
254 2 -0.35 252.62 187 92.31 256.11 92.7292
255 187 92.31 256.11 128 230.03 250.45 137.8357
256 145 380.00 409.11 144 377.83 250.45 158.6746
257 128 230.03 250.45 144 377.83 250.45 147.7926
258 163 584.30 409.11 166 588.65 250.45 158.7193
259 144 377.83 250.45 166 588.65 250.45 210.8218
260 196 955.28 402.91 203 958.13 246.10 156.8345
261 53 1095.06 246.10 56 1097.84 405.73 159.6560
262 203 958.13 246.10 53 1095.06 246.10 136.9255
263 172 751.65 243.93 203 958.13 246.10 206.4865
264 172 751.65 243.93 173 756.26 408.55 164.6925
265 166 588.65 250.45 172 751.65 243.93 163.1369
266 76 1247.46 402.91 72 1245.02 241.75 161.1740
267 53 1095.06 246.10 72 1245.02 241.75 150.0290
268 118 1536.82 401.50 114 1533.00 238.49 163.0489
269 114 1533.00 238.49 26 1559.08 238.49 26.0811
270 102 1392.81 237.41 114 1533.00 238.49 140.1899
271 102 1392.81 237.41 98 1388.61 402.91 165.5556
272 72 1245.02 241.75 102 1392.81 237.41 147.8565
273 130 238.24 175.66 128 230.03 250.45 75.2389
274 64 115.44 171.42 130 238.24 175.66 122.8737
275 187 92.31 256.11 64 115.44 171.42 92.9379
276 143 376.57 140.37 144 377.83 250.45 110.0849
277 130 238.24 175.66 143 376.57 140.37 143.8495
278 64 115.44 171.42 105 150.73 124.84 58.4369
279 130 238.24 175.66 139 286.23 105.08 85.3463
280 64 115.44 171.42 124 18.04 90.97 126.3275
281 171 747.79 89.55 172 751.65 243.93 154.4198
282 203 958.13 246.10 195 952.46 83.91 162.2900
283 171 747.79 89.55 195 952.46 83.91 204.7457
284 57 1097.84 82.50 53 1095.06 246.10 163.6262
285 195 952.46 83.91 57 1097.84 82.50 145.3916
286 125 181.78 81.09 105 150.73 124.84 53.6557
287 72 1245.02 241.75 75 1246.05 75.44 166.3163
288 57 1097.84 82.50 75 1246.05 75.44 148.3757
289 96 1387.20 75.44 102 1392.81 237.41 162.0634
290 75 1246.05 75.44 96 1387.20 75.44 141.1503
291 124 18.04 90.97 3 1.11 74.03 23.9540
292 114 1533.00 238.49 112 1529.76 74.03 164.4963
293 96 1387.20 75.44 112 1529.76 74.03 142.5688
294 112 1529.76 74.03 22 1557.99 74.03 28.2301
295 124 18.04 90.97 141 32.16 69.79 25.4462
296 122 160.61 64.15 125 181.78 81.09 27.1141
297 105 150.73 124.84 122 160.61 64.15 84.4356
298 165 586.88 64.15 166 588.65 250.45 186.3072
299 143 376.57 140.37 165 586.88 64.15 223.6998
300 141 32.16 69.79 209 98.50 54.27 68.1333
301 127 201.54 47.21 139 286.23 105.08 103.1966
302 125 181.78 81.09 127 201.54 47.21 39.2184
303 122 160.61 64.15 87 135.20 44.39 32.1872
304 209 98.50 54.27 87 135.20 44.39 38.0059
305 121 154.96 17.57 127 201.54 47.21 55.2112
306 87 135.20 44.39 121 154.96 17.57 33.3127
307 126 20.87 9.10 141 32.16 69.79 61.7361
308 209 98.50 54.27 126 20.87 9.10 108.6908
309 170 736.50 6.28 171 747.79 89.55 84.0407
310 165 586.88 64.15 170 736.50 6.28 160.4215
311 195 952.46 83.91 44 949.64 3.45 80.5052
312 16 1387.20 3.45 96 1387.20 75.44 71.9866
313 121 154.96 17.57 31 169.08 2.04 20.9835
314 142 370.92 2.04 143 376.57 140.37 138.6900
315 139 286.23 105.08 142 370.92 2.04 133.3777
316 57 1097.84 82.50 11 1095.02 2.04 80.5052
317 75 1246.05 75.44 13 1244.64 2.04 73.4117
318 112 1529.76 74.03 18 1529.76 2.04 71.9866
319 127 201.54 47.21 33 245.30 0.63 64.2165
320 165 586.88 64.15 37 571.35 0.63 65.3878
321 170 736.50 6.28 40 771.79 0.63 35.7364
322 92 1384.38 1276.63 93 1384.38 1426.25 149.6193
323 68 1244.64 1273.80 63 1103.49 1266.75 144.4415
