1 63 425.70 1560.97 326 436.40 1555.27 12.1238
2 344 49.25 1553.28 56 29.81 1560.65 20.7893
3 117 106.22 1551.27 22 118.29 1560.65 15.2847
4 72 676.74 1560.87 411 685.87 1549.24 14.7860
5 516 955.17 1559.87 92 976.77 1547.36 24.9582
6 172 1189.49 1538.70 25 1239.23 1560.01 55.3506
7 513 948.35 1532.59 516 955.17 1559.87 28.1233
8 271 183.61 1529.94 51 164.54 1560.65 36.2871
9 435 75.39 1527.81 117 106.22 1551.27 38.7428
10 344 49.25 1553.28 435 75.39 1527.81 36.4977
11 248 1474.66 1525.72 34 1490.86 1560.15 38.0554
12 220 1346.04 1560.15 248 1474.66 1525.72 135.7967
13 495 9.28 1523.92 344 49.25 1553.28 49.5941
14 513 948.35 1532.59 91 967.67 1523.49 21.3588
15 451 791.55 1521.75 83 795.12 1560.26 40.8524
16 411 685.87 1549.24 451 791.55 1521.75 109.2062
17 1 -0.23 1516.95 495 9.28 1523.92 11.7880
18 388 628.02 1513.39 411 685.87 1549.24 68.0563
19 388 628.02 1513.39 67 601.68 1560.17 53.6829
20 468 833.63 1511.05 87 847.89 1560.26 51.2340
21 451 791.55 1521.75 468 833.63 1511.05 43.4154
22 198 125.43 1510.68 271 183.61 1529.94 62.9087
23 117 106.22 1551.27 198 125.43 1510.68 44.8993
24 248 1474.66 1525.72 35 1521.24 1505.46 50.7989
25 435 75.39 1527.81 293 29.52 1493.79 57.1118
26 495 9.28 1523.92 293 29.52 1493.79 36.3000
27 508 935.84 1482.57 513 948.35 1532.59 51.5593
28 468 833.63 1511.05 508 935.84 1482.57 106.1050
29 382 617.19 1477.17 388 628.02 1513.39 37.8008
30 326 436.40 1555.27 382 617.19 1477.17 196.9343
31 216 1320.72 1474.07 220 1346.04 1560.15 89.7292
32 98 1010.87 1463.24 15 1025.65 1559.87 97.7529
33 508 935.84 1482.57 98 1010.87 1463.24 77.4788
34 271 183.61 1529.94 300 327.93 1463.23 170.5159
35 2 -0.33 1457.63 293 29.52 1493.79 46.8842
36 304 341.03 1456.20 62 362.80 1488.85 39.2427
37 300 327.93 1463.23 304 341.03 1456.20 14.8659
38 408 684.58 1449.72 382 617.19 1477.17 72.7727
39 122 1072.97 1443.49 131 1092.86 1561.43 120.2348
40 98 1010.87 1463.24 122 1072.97 1443.49 65.1642
41 425 728.08 1433.31 408 684.58 1449.72 46.4928
42 248 1474.66 1525.72 236 1431.11 1432.54 102.8469
43 236 1431.11 1432.54 216 1320.72 1474.07 117.9399
44 198 125.43 1510.68 268 162.76 1431.89 87.1890
45 316 398.96 1424.40 326 436.40 1555.27 136.2027
46 304 341.03 1456.20 316 398.96 1424.40 66.0807
47 164 1159.65 1423.59 172 1189.49 1538.70 118.9080
48 122 1072.97 1443.49 164 1159.65 1423.59 88.9359
49 186 123.90 1420.11 268 162.76 1431.89 40.6143
50 448 78.40 1415.02 435 75.39 1527.81 113.7686
51 448 78.40 1415.02 186 123.90 1420.11 46.2292
52 316 398.96 1424.40 323 428.01 1405.85 34.4694
53 468 833.63 1511.05 453 796.55 1403.36 113.8947
54 453 796.55 1403.36 425 728.08 1433.31 74.7296
55 164 1159.65 1423.59 196 1249.83 1392.03 95.5370
56 207 1292.36 1379.88 216 1320.72 1474.07 98.3611
57 196 1249.83 1392.03 207 1292.36 1379.88 44.2372
58 164 1159.65 1423.59 157 1146.57 1378.06 47.3818
59 264 1538.46 1372.79 42 1559.73 1418.37 50.2916
60 236 1431.11 1432.54 264 1538.46 1372.79 123.0948
61 508 935.84 1482.57 497 902.78 1371.38 115.9972
62 453 796.55 1403.36 497 902.78 1371.38 113.5907
63 292 288.62 1359.92 300 327.93 1463.23 114.9277
64 283 243.78 1355.11 292 288.62 1359.92 45.0963
65 456 800.47 1353.08 453 796.55 1403.36 50.4311
66 80 759.82 1365.92 456 800.47 1353.08 45.7481
67 275 199.92 1350.41 283 243.78 1355.11 44.1112
68 268 162.76 1431.89 275 199.92 1350.41 89.5545
69 196 1249.83 1392.03 192 1237.81 1350.41 43.3234
70 157 1146.57 1378.06 192 1237.81 1350.41 95.5601
71 236 1431.11 1432.54 230 1393.64 1346.46 93.8851
72 230 1393.64 1346.46 207 1292.36 1379.88 106.6461
73 497 902.78 1371.38 491 895.65 1342.89 29.3702
74 448 78.40 1415.02 444 77.97 1340.91 74.1096
75 8 -1.23 1348.83 444 77.97 1340.91 79.6003
76 444 77.97 1340.91 118 106.72 1339.43 28.7896
77 233 141.25 1338.06 275 199.92 1350.41 59.9589
78 186 123.90 1420.11 233 141.25 1338.06 83.8605
79 118 106.72 1339.43 233 141.25 1338.06 34.6052
80 396 647.85 1337.39 408 684.58 1449.72 118.3968
81 425 728.08 1433.31 414 692.07 1325.27 113.9966
82 396 647.85 1337.39 414 692.07 1325.27 45.8484
83 349 501.65 1323.84 65 518.06 1411.56 91.9456
84 98 1010.87 1463.24 529 983.98 1322.94 142.8510
85 491 895.65 1342.89 529 983.98 1322.94 90.5529
86 122 1072.97 1443.49 104 1036.02 1319.86 129.0314
87 104 1036.02 1319.86 529 983.98 1322.94 52.1319
88 340 481.55 1319.34 349 501.65 1323.84 20.6055
89 323 428.01 1405.85 340 481.55 1319.34 104.7672
90 371 570.83 1312.43 382 617.19 1477.17 171.1393
91 349 501.65 1323.84 371 570.83 1312.43 70.1958
92 259 1514.15 1310.00 264 1538.46 1372.79 67.3301
93 230 1393.64 1346.46 259 1514.15 1310.00 125.9103
94 279 220.91 1308.43 283 243.78 1355.11 60.4286
95 275 199.92 1350.41 279 220.91 1308.43 46.9355
96 157 1146.57 1378.06 147 1124.13 1299.97 81.2500
97 147 1124.13 1299.97 104 1036.02 1319.86 90.3214
98 340 481.55 1319.34 341 483.45 1299.73 19.7007
99 341 483.45 1299.73 323 428.01 1405.85 170.0885
100 259 1514.15 1310.00 50 1560.74 1292.79 49.6656
101 371 570.83 1312.43 367 562.98 1281.77 31.6537
102 292 288.62 1359.92 303 338.06 1276.63 127.5604
103 192 1237.81 1350.41 179 1213.37 1272.53 81.6255
104 179 1213.37 1272.53 147 1124.13 1299.97 93.3623
105 389 629.31 1267.50 396 647.85 1337.39 72.3082
106 367 562.98 1281.77 389 629.31 1267.50 67.8409
107 147 1124.13 1299.97 143 1112.76 1257.33 44.1202
108 456 800.47 1353.08 458 804.75 1256.81 96.3725
109 77 729.15 1263.22 458 804.75 1256.81 75.8677
110 287 250.60 1249.05 303 338.06 1276.63 92.5968
111 279 220.91 1308.43 287 250.60 1249.05 66.3876
112 414 692.07 1325.27 405 667.82 1246.11 82.8115
113 230 1393.64 1346.46 221 1348.06 1240.12 115.6921
114 221 1348.06 1240.12 26 1319.71 1243.16 36.6996
115 303 338.06 1276.63 59 342.97 1228.24 49.9004
116 458 804.75 1256.81 460 807.60 1227.57 29.3787
117 405 667.82 1246.11 460 807.60 1227.57 141.6707
118 273 195.65 1224.68 287 250.60 1249.05 60.1496
119 233 141.25 1338.06 273 195.65 1224.68 125.7535
120 444 77.97 1340.91 398 65.67 1223.94 117.6189
121 5 -0.53 1230.46 398 65.67 1223.94 66.5517
122 523 969.74 1220.37 538 997.66 1223.23 28.0660
123 529 983.98 1322.94 523 969.74 1220.37 103.5602
124 179 1213.37 1272.53 175 1196.15 1218.86 56.3688
125 175 1196.15 1218.86 143 1112.76 1257.33 92.6998
126 118 106.72 1339.43 534 99.88 1218.60 121.0308
127 398 65.67 1223.94 534 99.88 1218.60 34.6285
128 491 895.65 1342.89 478 851.49 1218.23 132.2499
129 478 851.49 1218.23 523 969.74 1220.37 118.3548
130 534 99.88 1218.60 273 195.65 1224.68 97.0683
131 143 1112.76 1257.33 134 1097.13 1204.76 54.8521
132 538 997.66 1223.23 134 1097.13 1204.76 101.6319
133 478 851.49 1218.23 476 845.79 1198.29 20.7434
134 476 845.79 1198.29 460 807.60 1227.57 52.8827
135 367 562.98 1281.77 360 535.72 1193.60 92.2823
136 360 535.72 1193.60 378 609.37 1192.66 74.2489
137 346 492.95 1192.02 360 535.72 1193.60 42.7953
138 346 492.95 1192.02 341 483.45 1299.73 109.0379
139 400 652.82 1190.52 405 667.82 1246.11 57.5752
140 378 609.37 1192.66 400 652.82 1190.52 43.5047
141 400 652.82 1190.52 476 845.79 1198.29 196.2986
142 175 1196.15 1218.86 171 1185.01 1174.30 45.9321
143 171 1185.01 1174.30 134 1097.13 1204.76 93.5888
144 476 845.79 1198.29 474 844.37 1164.09 34.3237
145 474 844.37 1164.09 482 871.44 1160.53 27.3019
146 400 652.82 1190.52 395 645.70 1158.47 32.8367
147 523 969.74 1220.37 517 957.63 1156.97 64.5435
148 482 871.44 1160.53 517 957.63 1156.97 86.3381
149 533 988.54 1155.05 538 997.66 1223.23 68.7841
150 517 957.63 1156.97 533 988.54 1155.05 30.9713
151 207 1292.36 1379.88 188 1232.61 1152.01 235.6136
152 188 1232.61 1152.01 171 1185.01 1174.30 52.5554
153 287 250.60 1249.05 296 301.48 1150.73 110.7073
154 398 65.67 1223.94 369 57.37 1146.09 78.2973
155 369 57.37 1146.09 13 0.65 1167.55 62.0404
156 112 1048.29 1143.91 533 988.54 1155.05 60.7814
157 534 99.88 1218.60 504 92.09 1140.66 78.3266
158 369 57.37 1146.09 504 92.09 1140.66 35.1375
159 127 1082.72 1135.81 134 1097.13 1204.76 70.7358
160 127 1082.72 1135.81 112 1048.29 1143.91 35.3736
161 297 318.72 1127.08 346 492.95 1192.02 187.0491
162 296 301.48 1150.73 297 318.72 1127.08 29.2656
163 395 645.70 1158.47 442 763.94 1126.41 126.3236
164 360 535.72 1193.60 355 518.62 1122.88 72.7610
165 504 92.09 1140.66 276 208.56 1122.45 117.8878
166 169 1177.92 1117.58 171 1185.01 1174.30 57.1550
167 169 1177.92 1117.58 127 1082.72 1135.81 97.2536
168 284 247.71 1116.33 296 301.48 1150.73 65.3346
169 273 195.65 1224.68 284 247.71 1116.33 120.2106
170 276 208.56 1122.45 284 247.71 1116.33 39.6273
171 221 1348.06 1240.12 208 1293.37 1113.53 137.9004
172 208 1293.37 1113.53 188 1232.61 1152.01 71.9260
173 474 844.37 1164.09 469 834.47 1110.03 54.9651
174 442 763.94 1126.41 469 834.47 1110.03 72.7735
175 127 1082.72 1135.81 126 1081.71 1107.45 28.3748
176 284 247.71 1116.33 297 318.72 1127.08 77.7516
177 0 -0.10 1105.79 369 57.37 1146.09 70.1951
178 395 645.70 1158.47 392 640.00 1105.04 53.7279
179 533 988.54 1155.05 527 981.45 1102.39 53.1376
180 374 583.72 1102.19 378 609.37 1192.66 94.0303
181 374 583.72 1102.19 355 518.62 1122.88 68.3085
182 406 669.20 1100.05 392 640.00 1105.04 29.6282
183 442 763.94 1126.41 436 751.83 1099.34 32.3148
184 168 1174.88 1093.28 169 1177.92 1117.58 24.4949
185 126 1081.71 1107.45 168 1174.88 1093.28 94.4361
186 105 1039.18 1092.26 112 1048.29 1143.91 52.4478
187 527 981.45 1102.39 105 1039.18 1092.26 58.6080
188 436 751.83 1099.34 406 669.20 1100.05 85.0082
189 469 834.47 1110.03 467 829.41 1085.02 25.5092
190 436 751.83 1099.34 467 829.41 1085.02 78.8830
191 372 577.31 1081.53 374 583.72 1102.19 21.6295
192 297 318.72 1127.08 306 344.38 1081.36 52.4293
193 260 1516.18 1081.12 40 1559.73 1089.22 45.0586
194 41 1559.73 1243.16 260 1516.18 1081.12 169.4164
195 260 1516.18 1081.12 250 1480.73 1076.06 35.8059
196 276 208.56 1122.45 306 344.38 1081.36 151.7069
197 250 1480.73 1076.06 234 1411.87 1072.01 68.9854
198 259 1514.15 1310.00 234 1411.87 1072.01 265.2092
199 467 829.41 1085.02 465 826.63 1071.87 13.4448
200 204 1284.26 1067.96 208 1293.37 1113.53 47.4025
201 482 871.44 1160.53 481 870.01 1064.37 97.0291
202 481 870.01 1064.37 465 826.63 1071.87 44.0275
203 306 344.38 1081.36 308 354.40 1063.52 20.4591
204 392 640.00 1105.04 391 634.30 1063.01 42.4121
205 372 577.31 1081.53 391 634.30 1063.01 60.9065
206 487 887.82 1061.52 481 870.01 1064.37 18.0347
207 234 1411.87 1072.01 225 1363.25 1059.86 50.1078
208 225 1363.25 1059.86 208 1293.37 1113.53 88.4657
209 511 941.96 1057.96 517 957.63 1156.97 100.2464
210 487 887.82 1061.52 511 941.96 1057.96 54.2891
211 527 981.45 1102.39 522 968.28 1051.75 52.3206
212 522 968.28 1051.75 511 941.96 1057.96 27.0491
213 355 518.62 1122.88 347 498.94 1049.64 75.8376
214 308 354.40 1063.52 347 498.94 1049.64 145.6571
215 225 1363.25 1059.86 217 1325.78 1048.72 39.0923
216 217 1325.78 1048.72 204 1284.26 1067.96 47.8081
217 101 1031.07 1044.66 105 1039.18 1092.26 48.2835
218 522 968.28 1051.75 101 1031.07 1044.66 63.1889
219 110 1046.27 1043.65 101 1031.07 1044.66 15.2249
220 206 1288.31 1042.64 217 1325.78 1048.72 38.2260
221 204 1284.26 1067.96 206 1288.31 1042.64 25.6406
222 357 528.88 1040.93 347 498.94 1049.64 31.1768
223 126 1081.71 1107.45 119 1064.49 1039.60 70.0039
420 110 1046.27 1043.65 119 1064.49 1039.60 18.6741
225 368 564.49 1033.10 372 577.31 1081.53 50.1068
226 357 528.88 1040.93 368 564.49 1033.10 36.4958
227 119 1064.49 1039.60 135 1098.93 1032.51 36.3497
228 391 634.30 1063.01 387 627.18 1017.42 46.1423
229 167 1167.79 1017.32 168 1174.88 1093.28 76.2857
230 135 1098.93 1032.51 167 1167.79 1017.32 70.5908
231 406 669.20 1100.05 402 657.09 1016.71 84.2647
232 387 627.18 1017.42 402 657.09 1016.71 29.9264
233 347 498.94 1049.64 343 489.55 1014.91 35.9748
234 263 1531.37 1011.24 260 1516.18 1081.12 72.1525
235 6 -0.83 1025.42 285 25.85 1010.60 30.5192
236 354 517.48 1008.16 357 528.88 1040.93 34.6927
237 343 489.55 1014.91 354 517.48 1008.16 28.7282
238 176 1207.29 1001.12 167 1167.79 1017.32 42.6916
239 354 517.48 1008.16 361 543.12 999.62 27.0311
240 254 1494.91 999.09 250 1480.73 1076.06 78.4395
241 254 1494.91 999.09 263 1531.37 1011.24 39.3275
242 366 556.66 997.48 368 564.49 1033.10 36.4683
243 361 543.12 999.62 366 556.66 997.48 13.7019
244 465 826.63 1071.87 461 810.89 997.41 76.1078
245 402 657.09 1016.71 461 810.89 997.41 154.9989
246 489 890.67 996.70 487 887.82 1061.52 66.2433
247 489 890.67 996.70 461 810.89 997.41 79.8625
248 507 931.27 990.28 511 941.96 1057.96 68.5098
249 489 890.67 996.70 507 931.27 990.28 41.1101
250 276 208.56 1122.45 274 199.75 989.85 146.3030
251 507 931.27 990.28 521 965.25 987.95 34.0552
252 308 354.40 1063.52 314 392.79 987.68 85.0536
253 217 1325.78 1048.72 228 1378.44 982.89 84.7011
254 343 489.55 1014.91 339 479.23 982.06 34.4358
255 387 627.18 1017.42 385 622.90 978.96 38.7026
256 206 1288.31 1042.64 200 1256.92 978.84 71.1086
257 200 1256.92 978.84 176 1207.29 1001.12 54.3965
258 366 556.66 997.48 385 622.90 978.96 69.7997
259 102 1031.07 976.81 110 1046.27 1043.65 69.4097
260 521 965.25 987.95 102 1031.07 976.81 66.7641
261 305 342.39 973.12 314 392.79 987.68 52.4671
262 202 1269.07 971.75 200 1256.92 978.84 14.0695
263 263 1531.37 1011.24 39 1558.71 969.72 49.7173
264 385 622.90 978.96 384 622.65 968.44 10.5171
265 274 199.75 989.85 305 342.39 973.12 145.9067
266 361 543.12 999.62 359 532.44 966.14 35.1432
267 339 479.23 982.06 359 532.44 966.14 55.5399
268 114 1056.39 964.66 102 1031.07 976.81 28.0842
269 314 392.79 987.68 318 403.60 964.46 25.6090
270 249 1478.71 963.64 254 1494.91 999.09 45.8016
271 225 1363.25 1059.86 249 1478.71 963.64 152.5558
272 128 1082.72 960.61 135 1098.93 1032.51 74.0317
273 114 1056.39 964.66 128 1082.72 960.61 26.6411
274 339 479.23 982.06 334 470.78 958.60 24.9396
275 318 403.60 964.46 334 470.78 958.60 69.5715
276 384 622.65 968.44 404 665.96 957.05 44.7842
277 521 965.25 987.95 520 962.21 956.56 31.5417
278 520 962.21 956.56 90 950.05 958.58 12.3205
279 285 25.85 1010.60 262 153.31 953.29 139.7556
280 285 25.85 1010.60 9 -1.82 951.31 65.4237
281 404 665.96 957.05 417 699.24 948.84 34.2768
282 486 884.97 946.83 489 890.67 996.70 50.1877
283 165 1159.69 946.43 167 1167.79 1017.32 71.3534
284 165 1159.69 946.43 128 1082.72 960.61 78.3404
285 176 1207.29 1001.12 174 1191.09 945.42 58.0098
286 174 1191.09 945.42 165 1159.69 946.43 31.4113
287 270 180.98 942.42 274 199.75 989.85 51.0092
288 262 153.31 953.29 270 180.98 942.42 29.7252
289 505 922.72 940.42 507 931.27 990.28 50.5905
290 486 884.97 946.83 505 922.72 940.42 38.2939
291 404 665.96 957.05 70 660.94 936.99 20.6766
292 461 810.89 997.41 457 804.48 934.01 63.7207
293 439 756.75 929.02 457 804.48 934.01 47.9859
294 417 699.24 948.84 439 756.75 929.02 62.1914
295 228 1378.44 982.89 226 1365.28 927.19 57.2962
296 226 1365.28 927.19 202 1269.07 971.75 106.0288
297 305 342.39 973.12 57 319.59 926.39 52.2431
298 228 1378.44 982.89 32 1450.35 926.17 91.6729
299 485 880.70 924.75 486 884.97 946.83 22.4920
300 457 804.48 934.01 485 880.70 924.75 77.2165
301 202 1269.07 971.75 197 1249.83 918.07 57.8571
302 334 470.78 958.60 332 459.52 914.48 45.5301
303 185 1229.57 914.02 197 1249.83 918.07 20.6560
304 174 1191.09 945.42 185 1229.57 914.02 51.0235
305 502 918.45 911.22 505 922.72 940.42 29.5166
306 485 880.70 924.75 502 918.45 911.22 40.1064
307 520 962.21 956.56 519 959.17 910.98 45.6745
308 519 959.17 910.98 502 918.45 911.22 40.7213
309 165 1159.69 946.43 161 1153.62 909.97 36.9616
310 270 180.98 942.42 290 258.90 904.88 86.4965
311 353 515.22 903.13 359 532.44 966.14 65.3145
312 332 459.52 914.48 353 515.22 903.13 57.7958
313 332 459.52 914.48 330 453.35 900.58 15.2082
314 318 403.60 964.46 330 453.35 900.58 86.6396
315 261 1525.29 899.84 49 1560.14 919.23 39.8739
316 249 1478.71 963.64 261 1525.29 899.84 79.0003
317 108 1042.21 896.80 114 1056.39 964.66 69.3192
318 519 959.17 910.98 108 1042.21 896.80 84.2465
319 384 622.65 968.44 380 611.51 896.33 72.9718
320 353 515.22 903.13 380 611.51 896.33 97.4031
321 161 1153.62 909.97 159 1149.56 875.54 34.6707
322 124 1075.63 872.50 128 1082.72 960.61 88.3933
323 261 1525.29 899.84 243 1457.44 870.47 75.0141
324 243 1457.44 870.47 226 1365.28 927.19 108.5307
325 173 1191.09 869.46 23 1193.11 894.78 25.3995
326 159 1149.56 875.54 173 1191.09 869.46 41.9647
327 133 1095.89 867.43 161 1153.62 909.97 93.8969
328 133 1095.89 867.43 124 1075.63 872.50 20.8783
329 124 1075.63 872.50 113 1055.38 864.40 21.8151
330 113 1055.38 864.40 108 1042.21 896.80 43.1869
331 261 1525.29 899.84 48 1560.14 859.75 53.7753
332 191 1237.67 851.23 185 1229.57 914.02 63.4152
333 132 1093.86 847.18 133 1095.89 867.43 20.3558
334 159 1149.56 875.54 155 1142.48 845.15 31.1984
335 132 1093.86 847.18 155 1142.48 845.15 49.6610
336 415 694.06 837.85 417 699.24 948.84 111.3235
337 439 756.75 929.02 429 739.65 837.85 92.7672
338 429 739.65 837.85 415 694.06 837.85 45.5892
339 377 605.02 837.13 415 694.06 837.85 89.0441
340 380 611.51 896.33 377 605.02 837.13 59.5485
341 325 435.56 835.07 330 453.35 900.58 67.8837
342 290 258.90 904.88 325 435.56 835.07 189.9506
343 457 804.48 934.01 445 771.00 832.15 121.3496
344 445 771.00 832.15 429 739.65 837.85 31.8564
345 229 1388.57 829.96 243 1457.44 870.47 79.8976
346 155 1142.48 845.15 154 1140.45 823.89 21.3638
347 132 1093.86 847.18 154 1140.45 823.89 57.8269
348 502 918.45 911.22 496 901.35 822.89 89.9681
349 496 901.35 822.89 88 869.30 826.45 32.2521
350 197 1249.83 918.07 205 1287.30 821.86 152.8150
351 205 1287.30 821.86 191 1237.67 851.23 58.7915
352 353 515.22 903.13 345 490.41 818.68 88.0187
353 325 435.56 835.07 345 490.41 818.68 57.2441
354 191 1237.67 851.23 187 1231.60 815.78 35.9630
355 472 842.59 813.27 445 771.00 832.15 74.3081
356 173 1191.09 869.46 21 1179.95 812.75 58.5748
357 325 435.56 835.07 321 424.16 810.85 26.7669
358 199 1255.90 804.64 187 1231.60 815.78 26.7371
359 496 901.35 822.89 494 898.86 804.01 19.0407
360 494 898.86 804.01 472 842.59 813.27 57.0309
361 496 901.35 822.89 535 991.46 802.59 92.9836
362 321 424.16 810.85 298 323.01 801.59 102.0855
363 377 605.02 837.13 375 595.12 800.16 38.2729
364 345 490.41 818.68 375 595.12 800.16 106.3378
365 290 258.90 904.88 281 236.82 799.45 107.7127
366 298 323.01 801.59 281 236.82 799.45 86.6731
367 535 991.46 802.59 100 1028.50 796.17 37.5920
368 272 192.66 795.89 281 236.82 799.45 44.3079
369 272 192.66 795.89 53 194.79 820.82 25.0229
370 113 1055.38 864.40 111 1047.74 794.75 70.3978
371 100 1028.50 796.17 111 1047.74 794.75 19.2856
372 132 1093.86 847.18 130 1085.49 791.90 56.3774
373 111 1047.74 794.75 130 1085.49 791.90 37.8608
374 97 101.48 789.48 262 153.31 953.29 173.9457
375 272 192.66 795.89 97 101.48 789.48 91.5364
376 97 101.48 789.48 455 80.82 788.77 20.6699
377 375 595.12 800.16 401 655.24 788.34 61.2725
378 455 80.82 788.77 4 -0.39 785.20 81.2837
379 212 1309.58 783.38 229 1388.57 829.96 91.7077
380 205 1287.30 821.86 212 1309.58 783.38 45.2388
381 199 1255.90 804.64 212 1309.58 783.38 57.9526
382 154 1140.45 823.89 153 1136.07 780.50 43.6041
383 130 1085.49 791.90 153 1136.07 780.50 51.8437
384 422 712.23 778.37 429 739.65 837.85 67.0109
385 401 655.24 788.34 422 712.23 778.37 57.8524
386 445 771.00 832.15 443 767.08 767.68 65.0989
387 422 712.23 778.37 443 767.08 767.68 55.8805
388 187 1231.60 815.78 24 1194.13 771.22 73.3792
389 472 842.59 813.27 464 821.93 760.56 58.5328
390 443 767.08 767.68 464 821.93 760.56 55.3100
391 299 325.86 760.27 298 323.01 801.59 41.4133
392 153 1136.07 780.50 152 1133.22 754.15 26.5098
393 321 424.16 810.85 319 408.49 752.44 60.4768
394 299 325.86 760.27 319 408.49 752.44 83.0010
395 288 251.07 747.45 299 325.86 760.27 76.3790
396 281 236.82 799.45 288 251.07 747.45 57.3116
397 494 898.86 804.01 490 891.02 742.75 61.7595
398 464 821.93 760.56 490 891.02 742.75 71.3540
399 443 767.08 767.68 440 757.82 737.76 31.3182
526 79 735.74 742.04 440 757.82 737.76 22.4921
401 490 891.02 742.75 503 919.65 737.74 29.0619
402 397 649.54 737.05 401 655.24 788.34 51.6034
403 455 80.82 788.77 74 70.85 731.07 58.5543
404 152 1133.22 754.15 150 1129.65 729.22 25.1847
405 535 991.46 802.59 525 976.50 727.79 76.2759
406 503 919.65 737.74 525 976.50 727.79 57.7168
407 152 1133.22 754.15 150 1129.65 729.22 89.5410
408 422 712.23 778.37 416 695.85 721.38 59.2948
409 416 695.85 721.38 397 649.54 737.05 48.8816
410 100 1028.50 796.17 99 1014.26 721.38 76.1394
411 525 976.50 727.79 99 1014.26 721.38 38.2940
412 397 649.54 737.05 69 632.45 716.39 26.8143
413 416 695.85 721.38 75 713.65 714.97 18.9271
414 99 1014.26 721.38 120 1066.77 711.22 53.4851
415 222 1350.09 710.46 227 1370.34 709.45 20.2802
416 237 1431.11 709.45 229 1388.57 829.96 135.0342
628 227 1370.34 709.45 237 1431.11 709.45 60.7645
418 440 757.82 737.76 438 753.54 705.71 32.3385
419 78 732.89 709.27 438 753.54 705.71 20.9624
420 237 1431.11 709.45 241 1449.34 705.40 18.6741
421 241 1449.34 705.40 253 1488.83 701.34 39.7040
182 150 1129.65 729.22 148 1124.67 700.01 29.6282
423 120 1066.77 711.22 148 1124.67 700.01 58.9752
424 190 1234.64 697.29 222 1350.09 710.46 116.7568
425 212 1309.58 783.38 190 1234.64 697.29 116.7039
426 190 1234.64 697.29 199 1255.90 804.64 115.1763
427 315 395.37 695.77 319 408.49 752.44 58.1640
428 253 1488.83 701.34 38 1558.71 694.26 70.2379
429 416 695.85 721.38 413 687.76 687.37 34.9552
430 178 1210.33 682.10 190 1234.64 697.29 28.6625
431 148 1124.67 700.01 178 1210.33 682.10 87.5126
432 280 231.83 680.49 288 251.07 747.45 70.2151
433 52 179.12 693.31 280 231.83 680.49 54.2495
434 503 919.65 737.74 499 911.63 680.46 57.8391
435 490 891.02 742.75 499 911.63 680.46 79.2458
436 345 490.41 818.68 338 478.30 679.07 140.2755
437 315 395.37 695.77 338 478.30 679.07 84.5911
438 434 748.40 677.27 438 753.54 705.71 28.9040
439 413 687.76 687.37 434 748.40 677.27 61.4765
440 313 390.68 675.51 315 395.37 695.77 20.8019
441 313 390.68 675.51 60 350.08 684.05 41.4929
442 313 390.68 675.51 320 423.45 666.25 34.2636
443 336 474.74 663.40 338 478.30 679.07 16.0709
444 320 423.45 666.25 336 474.74 663.40 51.3669
445 195 1242.74 659.82 190 1234.64 697.29 42.7403
446 178 1210.33 682.10 195 1242.74 659.82 41.7681
447 540 998.69 656.75 99 1014.26 721.38 68.3134
448 336 474.74 663.40 356 521.75 654.85 47.9461
449 116 1058.97 650.06 120 1066.77 711.22 61.6978
450 116 1058.97 650.06 540 998.69 656.75 60.6555
451 370 570.19 649.86 375 595.12 800.16 152.3555
452 356 521.75 654.85 370 570.19 649.86 48.6944
453 252 1488.83 646.66 253 1488.83 701.34 55.4843
454 413 687.76 687.37 407 673.77 645.39 44.2524
455 499 911.63 680.46 492 897.59 645.34 37.8225
456 267 1550.61 641.59 45 1559.73 677.04 36.5991
457 252 1488.83 646.66 267 1550.61 641.59 61.9850
458 407 673.77 645.39 399 650.26 639.46 25.7067
459 399 650.26 639.46 370 570.19 649.86 80.7385
460 145 1116.14 637.54 148 1124.67 700.01 63.0469
461 116 1058.97 650.06 145 1116.14 637.54 58.5241
462 432 744.64 634.72 434 748.40 677.27 42.7102
463 407 673.77 645.39 432 744.64 634.72 71.6685
464 214 1312.62 624.38 222 1350.09 710.46 94.2352
465 195 1242.74 659.82 214 1312.62 624.38 78.3550
466 178 1210.33 682.10 183 1217.42 622.35 60.1743
467 183 1217.42 622.35 145 1116.14 637.54 102.4073
468 239 1438.20 622.35 241 1449.34 705.40 83.8397
469 540 998.69 656.75 536 992.67 620.13 37.1199
470 492 897.59 645.34 536 992.67 620.13 98.3584
471 432 744.64 634.72 441 758.53 617.38 25.3587
472 218 1335.91 613.24 227 1370.34 709.45 102.7577
473 218 1335.91 613.24 214 1312.62 624.38 25.8200
474 109 1042.71 610.83 116 1058.97 650.06 43.7010
475 536 992.67 620.13 109 1042.71 610.83 51.0165
476 492 897.59 645.34 488 889.61 609.87 36.3573
477 488 889.61 609.87 501 915.45 600.30 27.5498
478 244 1463.51 599.06 252 1488.83 646.66 57.2148
479 239 1438.20 622.35 244 1463.51 599.06 35.8581
480 441 758.53 617.38 466 827.63 598.15 80.8843
481 218 1335.91 613.24 224 1361.23 597.03 30.0599
482 139 1109.69 594.56 145 1116.14 637.54 43.4655
483 139 1109.69 594.56 109 1042.71 610.83 68.9331
484 3 -0.39 625.64 141 111.45 592.16 116.7396
485 488 889.61 609.87 484 873.22 587.46 27.7651
486 466 827.63 598.15 484 873.22 587.46 46.8245
487 437 752.27 586.09 441 758.53 617.38 31.9105
488 536 992.67 620.13 531 986.25 581.16 39.4875
489 501 915.45 600.30 531 986.25 581.16 73.3470
490 370 570.19 649.86 365 555.94 578.63 72.6486
491 356 521.75 654.85 365 555.94 578.63 116.8471
492 277 215.45 576.49 280 231.83 680.49 105.4829
493 141 111.45 592.16 277 215.45 576.49 105.1743
494 399 650.26 639.46 393 642.42 576.06 64.0871
495 235 1416.93 574.75 239 1438.20 622.35 52.1341
496 224 1361.23 597.03 235 1416.93 574.75 59.9915
497 183 1217.42 622.35 180 1213.37 570.70 52.0322
498 466 827.63 598.15 463 819.79 568.23 30.9269
499 437 752.27 586.09 463 819.79 568.23 69.8425
500 214 1312.62 624.38 203 1273.12 563.61 72.5125
501 203 1273.12 563.61 183 1217.42 622.35 82.5636
502 531 986.25 581.16 121 1068.54 562.03 84.4846
503 244 1463.51 599.06 240 1446.30 557.54 45.3283
504 240 1446.30 557.54 235 1416.93 574.75 34.0439
505 480 867.60 557.24 484 873.22 587.46 30.7364
506 433 746.42 556.83 437 752.27 586.09 29.8366
507 393 642.42 576.06 433 746.42 556.83 105.7637
508 138 1108.73 553.41 139 1109.69 594.56 41.4351
509 121 1068.54 562.03 138 1108.73 553.41 41.0997
510 501 915.45 600.30 498 904.92 549.59 51.7935
511 498 904.92 549.59 480 867.60 557.24 38.0940
512 531 986.25 581.16 530 984.34 548.63 32.5890
513 246 1465.54 548.42 240 1446.30 557.54 21.2917
514 336 474.74 663.40 331 455.51 545.15 119.8085
515 138 1108.73 553.41 156 1145.09 544.80 37.3660
554 463 819.79 568.23 462 813.38 544.72 24.3654
517 166 1160.40 542.89 180 1213.37 570.70 73.0016
518 156 1145.09 544.80 166 1160.40 542.89 15.4287
519 462 813.38 544.72 85 834.75 541.87 21.5590
520 209 1293.37 539.31 218 1335.91 613.24 86.1610
521 203 1273.12 563.61 209 1293.37 539.31 31.6391
522 121 1068.54 562.03 115 1058.97 539.06 24.8779
523 115 1058.97 539.06 530 984.34 548.63 75.4346
524 181 1214.38 538.29 203 1273.12 563.61 65.1484
525 180 1213.37 570.70 181 1214.38 538.29 32.4235
526 431 742.15 534.75 433 746.42 556.83 22.4921
527 166 1160.40 542.89 181 1214.38 538.29 55.5619
528 307 346.52 533.04 313 390.68 675.51 149.4710
529 277 215.45 576.49 307 346.52 533.04 138.3218
530 138 1108.73 553.41 136 1102.99 528.54 25.5318
531 136 1102.99 528.54 115 1058.97 539.06 45.2559
532 267 1550.61 641.59 255 1507.06 528.17 122.8336
533 255 1507.06 528.17 246 1465.54 548.42 46.1992
534 462 813.38 544.72 459 804.83 524.06 22.3563
535 459 804.83 524.06 431 742.15 534.75 63.8665
536 331 455.51 545.15 328 449.81 523.07 22.8057
537 331 455.51 545.15 342 484.71 522.35 41.7570
538 224 1361.23 597.03 211 1308.57 518.04 96.2222
539 211 1308.57 518.04 209 1293.37 539.31 26.1358
540 459 804.83 524.06 86 846.15 516.94 41.9247
541 342 484.71 522.35 335 471.18 513.09 16.9776
542 335 471.18 513.09 328 449.81 523.07 23.5823
543 365 555.94 578.63 363 546.40 508.82 70.4579
544 363 546.40 508.82 342 484.71 522.35 63.2757
545 320 423.45 666.25 312 384.98 508.11 164.0154
546 307 346.52 533.04 312 384.98 508.11 46.3537
547 201 126.41 505.26 28 139.94 546.57 43.4755
548 201 126.41 505.26 16 107.89 512.38 19.8432
549 255 1507.06 528.17 44 1559.73 503.86 58.0011
550 459 804.83 524.06 454 799.13 500.56 24.1878
551 530 984.34 548.63 524 975.73 497.92 51.4388
552 381 615.92 495.14 393 642.42 576.06 86.4401
553 381 615.92 495.14 363 546.40 508.82 70.8559
554 454 799.13 500.56 84 822.64 494.15 24.3654
555 291 264.60 493.15 55 280.98 528.05 38.5581
556 524 975.73 497.92 96 1005.39 492.18 30.2126
557 156 1145.09 544.80 151 1132.65 492.18 54.0765
558 431 742.15 534.75 423 716.50 490.59 51.5676
559 381 615.92 495.14 423 716.50 490.59 101.5907
560 431 742.15 534.75 430 740.72 485.60 49.3946
561 423 716.50 490.59 430 740.72 485.60 24.7272
562 307 346.52 533.04 302 335.83 479.62 56.0217
563 328 449.81 523.07 322 424.88 479.62 50.4914
564 312 384.98 508.11 322 424.88 479.62 49.1437
565 125 1080.98 474.95 136 1102.99 528.54 57.9266
566 96 1005.39 492.18 125 1080.98 474.95 78.0686
567 449 787.74 472.78 454 799.13 500.56 30.0279
568 430 740.72 485.60 449 787.74 472.78 48.7309
569 246 1465.54 548.42 238 1432.12 468.41 86.7757
570 151 1132.65 492.18 20 1176.67 468.26 63.5419
571 141 111.45 592.16 376 60.16 466.79 135.4552
572 211 1308.57 518.04 223 1353.13 465.38 69.1692
573 238 1432.12 468.41 223 1353.13 465.38 83.1107
574 151 1132.65 492.18 146 1123.08 463.47 30.2580
575 125 1080.98 474.95 146 1123.08 463.47 43.6402
576 335 471.18 513.09 327 447.24 463.23 55.5330
577 322 424.88 479.62 327 447.24 463.23 27.7257
578 480 867.60 557.24 477 850.38 461.56 97.2445
579 477 850.38 461.56 498 904.92 549.59 135.7997
580 140 111.45 446.14 201 126.41 505.26 60.9865
581 376 60.16 466.79 140 111.45 446.14 55.2917
582 96 1005.39 492.18 93 996.78 445.29 47.6697
583 428 734.31 445.00 430 740.72 485.60 41.1644
584 449 787.74 472.78 452 794.15 444.28 29.2055
585 452 794.15 444.28 428 734.31 445.00 62.6131
586 477 850.38 461.56 475 844.72 435.74 26.4348
587 452 794.15 444.28 475 844.72 435.74 51.2928
588 289 251.78 434.03 291 264.60 493.15 60.4978
589 291 264.60 493.15 289 251.78 434.03 114.0388
590 140 111.45 446.14 257 151.34 431.18 42.6031
591 182 1216.41 429.93 181 1214.38 538.29 108.4056
592 146 1123.08 463.47 144 1114.12 425.88 38.6461
593 163 1157.67 425.88 182 1216.41 429.93 58.8785
594 163 1157.67 425.88 144 1114.12 425.88 43.5479
595 473 843.72 422.70 475 844.72 435.74 13.0696
596 125 1080.98 474.95 17 1076.20 418.50 69.6636
597 223 1353.13 465.38 182 1216.41 429.93 157.1437
598 363 546.40 508.82 351 511.64 415.36 100.6285
599 327 447.24 463.23 351 511.64 415.36 80.2376
600 483 872.07 412.71 473 843.72 422.70 37.2376
601 524 975.73 497.92 514 954.11 412.71 88.2393
602 514 954.11 412.71 483 872.07 412.71 82.0321
603 383 621.05 410.80 68 622.76 429.04 18.3156
604 383 621.05 410.80 381 615.92 495.14 104.8640
605 473 843.72 422.70 471 840.67 407.69 15.3209
606 483 872.07 412.71 471 840.67 407.69 37.3762
607 266 1543.52 404.61 43 1559.73 440.06 38.9741
608 238 1432.12 468.41 266 1543.52 404.61 128.4175
609 423 716.50 490.59 421 706.53 401.54 91.2619
610 424 725.76 400.12 428 734.31 445.00 45.6836
371 421 706.53 401.54 424 725.76 400.12 19.2856
612 403 664.50 399.41 71 673.76 427.19 29.2836
613 403 664.50 399.41 383 621.05 410.80 44.9220
614 282 243.23 395.56 289 251.78 434.03 39.4042
615 257 151.34 431.18 282 243.23 395.56 98.5516
616 376 60.16 466.79 294 29.53 392.71 80.7805
617 294 29.53 392.71 12 0.33 401.97 30.6385
618 421 706.53 401.54 420 701.54 390.86 11.7912
619 420 701.54 390.86 403 664.50 399.41 38.3160
620 351 511.64 415.36 362 545.83 388.01 43.7869
621 302 335.83 479.62 310 382.85 384.16 108.5168
622 295 295.94 378.46 302 335.83 479.62 109.1828
623 282 243.23 395.56 295 295.94 378.46 55.4155
624 424 725.76 400.12 82 779.90 377.32 65.1702
625 310 382.85 384.16 309 356.49 375.61 28.2297
626 309 356.49 375.61 295 295.94 378.46 60.8293
627 184 1223.50 366.13 182 1216.41 429.93 64.2935
628 162 1157.67 365.11 163 1157.67 425.88 60.7645
629 184 1223.50 366.13 170 1178.93 365.11 44.5722
630 170 1178.93 365.11 162 1157.67 365.11 21.2676
631 137 1103.99 362.08 162 1157.67 365.11 53.7612
632 144 1114.12 425.88 137 1103.99 362.08 64.6015
633 231 1403.76 356.00 223 1353.13 465.38 122.7764
634 231 1403.76 356.00 184 1223.50 366.13 180.9199
635 383 621.05 410.80 379 610.79 355.53 57.1936
636 362 545.83 388.01 379 610.79 355.53 73.0724
637 137 1103.99 362.08 103 1034.11 350.94 70.7616
638 294 29.53 392.71 11 0.33 349.97 55.2306
639 317 402.16 348.91 310 382.85 384.16 40.1962
640 103 1034.11 350.94 539 998.67 348.91 35.5038
641 539 998.67 348.91 510 941.95 343.85 56.9392
642 510 941.95 343.85 514 954.11 412.71 69.9305
643 470 839.67 332.71 510 941.95 343.85 102.8918
644 471 840.67 407.69 470 839.67 332.71 74.9906
645 470 839.67 332.71 410 685.45 329.31 154.3198
646 410 685.45 329.31 420 701.54 390.86 64.4059
647 379 610.79 355.53 410 685.45 329.31 79.1208
648 348 499.38 327.64 362 545.83 388.01 76.5870
649 348 499.38 327.64 317 402.16 348.91 99.5879
650 189 1232.61 306.38 184 1223.50 366.13 60.4429
651 266 1543.52 404.61 247 1473.64 292.20 134.1519
652 247 1473.64 292.20 231 1403.76 356.00 94.9775
653 231 1403.76 356.00 215 1314.64 291.18 132.3579
654 215 1314.64 291.18 189 1232.61 306.38 83.7105
655 170 1178.93 365.11 19 1171.85 293.21 91.3137
656 394 644.21 285.11 410 685.45 329.31 62.3132
657 539 998.67 348.91 94 1000.69 265.87 83.0695
658 107 1039.18 265.87 103 1034.11 350.94 85.2209
659 94 1000.69 265.87 107 1039.18 265.87 38.4843
660 193 1238.89 258.94 189 1232.61 306.38 47.8503
661 137 1103.99 362.08 129 1083.74 253.71 113.4321
662 107 1039.18 265.87 129 1083.74 253.71 46.1880
663 215 1314.64 291.18 210 1304.51 252.70 39.8426
664 193 1238.89 258.94 210 1304.51 252.70 66.8966
665 129 1083.74 253.71 149 1128.30 246.62 45.2431
666 256 1508.23 245.91 37 1558.68 335.23 103.2952
667 247 1473.64 292.20 256 1508.23 245.91 57.7849
668 509 938.91 243.59 510 941.95 343.85 100.3075
669 149 1128.30 246.62 160 1152.60 242.57 24.6411
670 500 912.58 240.55 509 938.91 243.59 26.5060
671 194 1241.72 237.51 193 1238.89 258.94 21.6167
672 160 1152.60 242.57 194 1241.72 237.51 89.4217
673 537 995.63 236.50 94 1000.69 265.87 29.8029
674 509 938.91 243.59 537 995.63 236.50 57.1549
675 256 1508.23 245.91 258 1513.85 235.48 11.8412
676 337 476.09 213.20 348 499.38 327.64 117.8315
677 350 509.51 212.19 394 644.21 285.11 159.8825
678 337 476.09 213.20 350 509.51 212.19 33.4358
679 210 1304.51 252.70 232 1409.33 211.18 112.8263
680 329 450.77 210.17 337 476.09 213.20 25.5002
681 364 546.98 204.09 350 509.51 212.19 38.7060
682 311 382.92 200.04 329 450.77 210.17 68.6053
683 317 402.16 348.91 311 382.92 200.04 151.6524
684 394 644.21 285.11 386 623.95 200.04 87.4488
685 364 546.98 204.09 386 623.95 200.04 77.0749
686 265 1543.02 198.21 47 1560.03 231.43 37.3217
687 258 1513.85 235.48 265 1543.02 198.21 47.3253
688 311 382.92 200.04 301 333.30 192.95 50.1282
689 301 333.30 192.95 309 356.49 375.61 184.6379
690 532 986.97 191.33 537 995.63 236.50 45.9913
691 410 685.45 329.31 419 700.92 188.90 154.4481
692 386 623.95 200.04 419 700.92 188.90 77.7704
693 245 1465.24 188.49 258 1513.85 235.48 67.6111
694 232 1409.33 211.18 245 1465.24 188.49 60.3308
695 107 1039.18 265.87 106 1039.18 181.81 85.7088
696 532 986.97 191.33 106 1039.18 181.81 53.0711
697 129 1083.74 253.71 123 1073.61 181.81 72.6144
698 106 1039.18 181.81 123 1073.61 181.81 34.4331
699 470 839.67 332.71 450 789.03 178.77 162.6921
700 419 700.92 188.90 450 789.03 178.77 88.6886
701 479 853.84 178.77 500 912.58 240.55 106.5105
702 450 789.03 178.77 479 853.84 178.77 64.8155
703 265 1543.02 198.21 46 1560.03 177.96 26.4525
704 500 912.58 240.55 493 898.40 175.73 66.3481
705 493 898.40 175.73 479 853.84 178.77 44.6641
706 149 1128.30 246.62 142 1111.08 175.73 76.8772
707 123 1073.61 181.81 142 1111.08 175.73 37.9610
708 301 333.30 192.95 286 250.25 174.72 85.0888
709 286 250.25 174.72 295 295.94 378.46 209.9730
710 506 925.75 172.69 509 938.91 243.59 72.3970
711 493 898.40 175.73 506 925.75 172.69 27.5123
712 426 73.02 169.66 257 151.34 431.18 273.0255
713 426 73.02 169.66 10 -1.92 185.86 76.6746
714 286 250.25 174.72 278 216.83 165.60 34.6411
715 528 981.45 162.57 532 986.97 191.33 29.2861
716 506 925.75 172.69 528 981.45 162.57 56.6140
717 278 216.83 165.60 426 73.02 169.66 145.6355
718 160 1152.60 242.57 158 1148.43 159.11 85.7601
719 158 1148.43 159.11 142 1111.08 175.73 44.4878
720 232 1409.33 211.18 30 1406.90 155.27 70.0753
721 419 700.92 188.90 418 699.91 153.45 35.4604
722 528 981.45 162.57 526 978.63 148.89 13.9643
723 446 773.84 144.34 450 789.03 178.77 37.6353
724 418 699.91 153.45 446 773.84 144.34 74.4908
725 526 978.63 148.89 106 1039.18 181.81 88.6621
726 265 1543.02 198.21 251 1485.49 137.45 85.7608
727 194 1241.72 237.51 213 1310.08 88.84 164.5207
728 324 429.51 87.62 329 450.77 210.17 125.2282
729 311 382.92 200.04 324 429.51 87.62 161.3907
730 158 1148.43 159.11 177 1209.70 84.67 115.3046
731 350 509.51 212.19 333 469.00 76.48 142.5920
732 333 469.00 76.48 324 429.51 87.62 41.0379
733 177 1209.70 84.67 213 1310.08 88.84 106.1795
734 390 63.91 71.42 7 -0.91 104.84 72.9244
735 358 531.79 66.36 364 546.98 204.09 138.5681
736 333 469.00 76.48 358 531.79 66.36 63.7482
737 526 978.63 148.89 518 958.71 58.98 92.0947
738 506 925.75 172.69 518 958.71 58.98 148.8709
739 446 773.84 144.34 427 730.29 56.23 98.2829
740 518 958.71 58.98 515 955.11 47.83 11.7153
741 418 699.91 153.45 412 687.51 47.49 106.6871
742 412 687.51 47.49 427 730.29 56.23 47.0996
743 427 730.29 56.23 447 775.86 44.08 47.1659
744 219 1340.06 25.64 245 1465.24 188.49 205.9650
745 213 1310.08 88.84 219 1340.06 25.64 70.1700
746 251 1485.49 137.45 242 1452.27 19.97 122.0843
747 412 687.51 47.49 409 684.61 18.53 29.0995
748 409 684.61 18.53 373 583.44 22.81 102.0135
749 515 955.11 47.83 512 945.53 18.13 31.2010
750 512 945.53 18.13 447 775.86 44.08 171.7491
751 278 216.83 165.60 269 177.33 12.68 158.0065
752 269 177.33 12.68 390 63.91 71.42 127.7340
753 373 583.44 22.81 352 514.58 11.67 70.4476
754 352 514.58 11.67 358 531.79 66.36 58.8284
755 352 514.58 11.67 61 361.65 56.23 159.9402
756 515 955.11 47.83 95 1001.31 8.27 79.4119
757 95 1001.31 8.27 512 945.53 18.13 56.6499
758 390 63.91 71.42 58 32.51 1.54 76.6077
759 269 177.33 12.68 36 155.05 1.54 25.7476
760 512 945.53 18.13 89 931.37 1.00 22.2256
761 409 684.61 18.53 73 690.89 0.68 18.9257
762 409 684.61 18.53 76 718.88 0.68 38.8060
763 352 514.58 11.67 64 513.56 0.53 11.1861
764 447 775.86 44.08 81 763.20 0.53 45.3506
765 219 1340.06 25.64 27 1348.97 0.53 26.6503
766 251 1485.49 137.45 29 1397.18 0.53 162.9323
767 242 1452.27 19.97 31 1444.98 0.53 20.7669
768 242 1452.27 19.97 33 1479.01 0.53 33.0595
769 177 1209.70 84.67 18 1162.92 0.35 96.9760
770 269 177.33 12.68 54 205.69 -0.49 31.2640
771 373 583.44 22.81 66 581.42 -0.49 23.4066
772 95 1001.31 8.27 14 1007.00 0.48 9.6372
773 131 1092.86 1561.43 172 1189.49 1538.70 101.4544
