1 26 56.59 1470.96 12 59.49 1558.15 87.2368
2 26 56.59 1470.96 0 -1.54 1470.96 58.1256
3 25 472.18 1468.05 11 469.28 1558.15 90.1415
4 25 472.18 1468.05 26 56.59 1470.96 415.6081
5 31 972.06 1465.15 15 969.16 1561.05 95.9513
6 17 1283.04 1462.24 4 1277.22 1558.15 96.0832
7 31 972.06 1465.15 17 1283.04 1462.24 310.9854
8 21 1512.63 1456.43 8 1556.23 1459.33 43.6910
9 21 1512.63 1456.43 7 1512.63 1558.15 101.7197
10 17 1283.04 1462.24 21 1512.63 1456.43 229.6696
11 24 469.28 1061.17 25 472.18 1468.05 406.8895
12 24 469.28 1061.17 1 1.37 1064.08 467.9200
13 16 1283.04 1058.27 17 1283.04 1462.24 403.9728
14 16 1283.04 1058.27 30 896.50 1058.27 386.5350
15 21 1512.63 1456.43 20 1512.63 1055.36 401.0665
16 20 1512.63 1055.36 16 1283.04 1058.27 229.6145
17 18 1283.04 744.39 16 1283.04 1058.27 313.8781
18 18 1283.04 744.39 20 1512.63 1055.36 544.0448
19 30 896.50 1058.27 18 1283.04 744.39 723.9537
20 27 742.47 465.39 14 858.72 479.92 117.1559
21 27 742.47 465.39 13 693.06 593.26 141.1265
22 9 1559.13 398.54 19 1288.85 346.23 275.2999
23 28 762.81 244.51 19 1288.85 346.23 535.7810
24 28 762.81 244.51 27 742.47 465.39 222.8123
25 23 460.56 171.85 28 762.81 244.51 311.3031
26 24 469.28 1061.17 23 460.56 171.85 889.3641
27 23 460.56 171.85 22 248.40 73.04 234.0412
28 22 248.40 73.04 2 1.37 160.23 361.7018
29 28 762.81 244.51 29 812.22 9.10 240.5374
30 23 460.56 171.85 10 457.65 6.19 165.6834
31 29 812.22 9.10 3 1239.44 6.19 526.2521
32 22 248.40 73.04 6 129.24 3.29 138.0751
33 19 1288.85 346.23 5 1288.85 3.29 342.9409
34 25 472.18 1468.05 31 972.06 1465.15 499.8884
35 30 896.50 1058.27 24 469.28 1061.17 427.2329
36 19 1288.85 346.23 18 1283.04 744.39 398.2026
