1 172 415.12 1207.00 75 420.32 1272.88 66.0915
2 167 347.50 1205.26 172 415.12 1207.00 67.6425
3 172 415.12 1207.00 77 453.27 1205.26 38.1842
4 183 572.90 1205.26 85 574.64 1271.15 65.9092
5 183 572.90 1205.26 81 526.09 1205.26 46.8140
6 167 347.50 1205.26 3 0.73 1203.53 371.4733
7 186 647.46 1201.79 183 572.90 1205.26 74.6363
8 128 1305.45 1195.73 30 1307.19 1266.81 71.1092
9 128 1305.45 1195.73 24 1218.76 1266.81 154.3822
10 216 995.96 1193.12 11 1009.83 1272.88 83.0007
11 216 995.96 1193.12 186 647.46 1201.79 366.3713
12 135 1395.61 1192.26 40 1397.35 1268.55 76.3093
13 135 1395.61 1192.26 128 1305.45 1195.73 90.2269
14 143 1487.51 1190.52 55 1558.60 1192.26 71.1092
15 143 1487.51 1190.52 44 1487.51 1265.08 74.5557
16 142 1451.10 1188.79 143 1487.51 1190.52 36.4521
17 142 1451.10 1188.79 135 1395.61 1192.26 55.5915
18 111 1027.17 1154.98 216 995.96 1193.12 49.2878
19 111 1027.17 1154.98 15 1079.19 1271.15 162.6759
20 164 328.43 1132.44 167 347.50 1205.26 75.8462
21 186 647.46 1201.79 187 649.19 1132.44 69.3758
22 187 649.19 1132.44 83 531.29 1132.44 117.9020
23 164 328.43 1132.44 78 461.93 1128.97 133.5517
24 107 1016.77 1092.56 111 1027.17 1154.98 63.3721
25 107 1016.77 1092.56 20 1110.40 1089.09 94.2988
26 157 25.00 1083.89 2 0.73 1109.90 35.5757
27 163 324.96 1083.89 164 328.43 1132.44 48.6715
28 187 649.19 1132.44 188 650.92 1082.16 50.3116
29 163 324.96 1083.89 188 650.92 1082.16 325.9689
30 157 25.00 1083.89 1 0.73 1064.82 30.8704
31 212 957.82 1035.34 107 1016.77 1092.56 82.8843
32 196 73.55 1030.14 157 25.00 1083.89 72.4285
33 145 1529.12 1027.54 46 1556.86 1107.30 109.2868
34 145 1529.12 1027.54 54 1558.60 1025.81 29.5264
35 212 957.82 1035.34 18 1103.46 1011.07 150.9636
36 141 1449.36 1001.53 142 1451.10 1188.79 187.2641
37 144 1525.65 999.80 145 1529.12 1027.54 27.9575
38 141 1449.36 1001.53 144 1525.65 999.80 76.3093
39 205 923.38 994.24 212 957.82 1035.34 53.6172
40 188 650.92 1082.16 205 923.38 994.24 297.7074
41 117 111.70 993.73 163 324.96 1083.89 239.0489
42 117 111.70 993.73 196 73.55 1030.14 52.7331
43 196 73.55 1030.14 7 0.73 983.33 86.7282
44 118 1141.34 962.28 205 923.38 994.24 224.0774
45 125 1289.85 958.19 29 1291.58 1100.36 142.1865
46 132 1373.07 958.19 36 1369.61 1096.90 138.7515
47 132 1373.07 958.19 125 1289.85 958.19 83.2250
48 125 1289.85 958.19 123 1208.18 956.47 81.6923
49 123 1208.18 956.47 23 1210.09 1098.63 142.1767
50 118 1141.34 962.28 123 1208.18 956.47 67.0911
51 140 1447.63 956.45 141 1449.36 1001.53 45.1135
52 140 1447.63 956.45 132 1373.07 958.19 74.5758
53 130 135.97 955.59 117 111.70 993.73 45.2133
54 205 923.38 994.24 203 900.60 945.18 54.0932
55 117 111.70 993.73 6 0.73 931.31 127.9605
56 203 900.60 945.18 213 963.02 917.44 68.3204
57 213 963.02 917.44 110 1021.97 912.24 59.1800
58 144 1525.65 999.80 147 1530.85 887.10 112.8203
59 147 1530.85 887.10 49 1556.86 887.10 26.0078
60 130 135.97 955.59 60 165.45 974.66 326.8978
61 203 900.60 945.18 97 874.59 962.52 338.6911
62 213 963.02 917.44 204 911.00 835.95 96.9380
63 204 911.00 835.95 110 1021.97 912.24 196.9076
64 147 1530.85 887.10 146 1530.85 805.61 81.4911
65 146 1530.85 805.61 58 1558.60 805.61 27.7417
66 204 911.00 835.95 99 891.93 804.74 36.5757
67 110 1021.97 912.24 114 1058.38 766.60 224.8588
68 124 1288.12 732.79 27 1284.65 918.31 185.5547
69 123 1208.18 956.47 124 1288.12 732.79 303.4603
70 131 1373.07 732.79 37 1369.61 918.31 185.5547
71 124 1288.12 732.79 131 1373.07 732.79 84.9589
72 131 1373.07 732.79 140 1447.63 956.45 301.7166
73 127 129.04 698.98 130 135.97 955.59 298.0449
74 119 1143.32 680.74 35 1362.67 682.50 219.3593
75 118 1141.34 962.28 119 1143.32 680.74 281.5445
76 127 129.04 698.98 74 42.34 666.03 92.7408
77 152 196.66 614.02 127 129.04 698.98 137.9125
78 158 272.94 608.82 152 196.66 614.02 465.9922
79 152 196.66 614.02 158 272.94 608.82 76.9294
80 146 1530.85 805.61 48 1556.86 606.22 227.1924
81 166 337.10 600.15 158 272.94 608.82 65.2198
82 179 504.91 599.02 170 411.65 593.21 93.6572
83 170 411.65 593.21 166 337.10 600.15 509.8694
84 114 1058.38 766.60 17 1098.26 588.01 190.8642
85 166 337.10 600.15 170 411.65 593.21 77.9307
86 185 590.24 586.28 179 504.91 599.02 86.6686
87 200 813.91 586.28 93 803.50 806.48 220.4449
88 202 884.99 584.54 98 878.06 757.93 173.5239
89 202 884.99 584.54 200 813.91 586.28 71.1091
90 210 954.35 584.54 101 945.68 712.85 128.5977
91 210 954.35 584.54 202 884.99 584.54 69.3541
92 190 664.80 582.81 185 590.24 586.28 539.3593
93 200 813.91 586.28 198 734.15 581.07 79.9266
94 198 734.15 581.07 91 737.62 811.68 230.6285
95 198 734.15 581.07 190 664.80 582.81 69.3758
96 114 1058.38 766.60 210 954.35 584.54 261.9314
97 185 590.24 586.28 190 664.80 582.81 76.0011
98 119 1143.32 680.74 120 1144.24 549.62 131.1227
99 180 510.73 546.77 179 504.91 599.02 52.5773
100 120 1144.24 549.62 180 510.73 546.77 633.5224
101 180 510.73 546.77 80 5.08 546.71 505.6497
102 120 1144.24 549.62 50 1556.90 543.81 412.6978
103 154 224.40 451.04 63 253.87 487.45 46.8461
104 171 413.39 449.30 73 413.39 496.12 46.8140
105 171 413.39 449.30 165 331.90 445.83 81.5648
106 165 331.90 445.83 69 331.90 483.98 38.1448
107 175 484.47 445.83 79 491.41 487.45 42.1865
108 175 484.47 445.83 171 413.39 449.30 71.1725
109 189 656.13 444.10 87 649.19 489.18 45.6105
110 197 730.68 444.10 90 735.88 485.71 41.9363
111 189 656.13 444.10 197 730.68 444.10 74.5557
112 206 94.36 423.29 28 129.04 459.70 50.2817
113 206 94.36 423.29 65 26.74 466.64 84.9025
114 113 1039.31 418.09 116 1091.32 418.09 209.8885
115 116 1091.32 418.09 113 1039.31 418.09 52.0156
116 116 1091.32 418.09 21 1112.13 418.09 20.8063
117 129 1308.92 417.23 31 1310.66 474.44 57.2434
118 215 982.09 414.62 103 983.82 504.78 90.1913
119 133 1378.28 412.02 57 1558.60 460.57 225.9810
120 133 1378.28 412.02 129 1308.92 417.23 69.5489
121 104 1002.90 407.69 113 1039.31 418.09 40.4111
122 215 982.09 414.62 104 1002.90 407.69 21.9317
123 165 331.90 445.83 159 278.15 404.22 67.9750
124 159 278.15 404.22 154 224.40 451.04 71.2780
125 184 572.90 388.62 84 572.90 485.71 97.0958
126 129 1308.92 417.23 25 1230.90 387.75 90.2724
127 184 572.90 388.62 189 656.13 444.10 132.7430
128 154 224.40 451.04 206 94.36 423.29 173.3265
129 176 487.48 372.35 184 572.90 388.62 90.5915
130 176 487.48 372.35 175 484.47 445.83 73.5425
131 176 487.48 372.35 169 385.65 369.54 101.8720
132 169 385.65 369.54 68 321.49 373.01 64.2462
133 104 1002.90 407.69 106 1009.83 360.88 47.3250
134 206 94.36 423.29 5 0.73 369.54 126.4687
135 197 730.68 444.10 89 732.42 345.27 98.8448
136 159 278.15 404.22 153 224.40 343.54 81.0657
137 137 1430.29 334.00 47 1556.86 354.81 129.1260
138 137 1430.29 334.00 133 1378.28 412.02 124.2061
139 169 385.65 369.54 72 383.91 324.46 45.1135
140 209 954.35 307.13 215 982.09 414.62 433.8213
141 214 980.36 305.39 209 954.35 307.13 26.0655
142 105 1008.10 305.39 106 1009.83 360.88 55.5104
143 105 1008.10 305.39 214 980.36 305.39 27.7416
144 112 1035.84 305.39 105 1008.10 305.39 27.7416
145 112 1035.84 305.39 115 1089.59 305.39 53.7494
146 106 1009.83 360.88 115 1089.59 305.39 178.7101
147 153 224.40 343.54 66 304.15 293.25 99.9145
148 153 224.40 343.54 151 168.91 286.32 79.7007
149 177 496.20 276.45 176 487.48 372.35 96.2946
150 194 685.09 276.45 177 496.20 276.45 189.8097
151 214 980.36 305.39 102 982.09 263.78 41.6486
152 115 1089.59 305.39 112 1035.84 305.39 141.6130
153 151 168.91 286.32 61 201.86 255.11 45.3793
154 151 168.91 286.32 126 129.04 242.97 58.9000
155 138 1432.03 240.37 56 1558.60 257.71 127.8269
156 138 1432.03 240.37 137 1430.29 334.00 93.6441
157 208 952.44 227.05 209 954.35 307.13 80.0974
158 208 952.44 227.05 194 685.09 276.45 272.0948
159 120 1144.24 549.62 121 1147.15 224.15 325.4888
160 121 1147.15 224.15 208 952.44 227.05 194.7260
161 121 1147.15 224.15 138 1432.03 240.37 285.7387
162 126 129.04 242.97 150 164.91 203.80 53.1154
163 193 679.28 186.37 194 685.09 276.45 90.5001
164 193 679.28 186.37 178 502.01 177.65 177.5038
165 126 129.04 242.97 160 31.94 177.09 122.1210
166 160 31.94 177.09 4 0.73 204.83 41.7567
167 177 496.20 276.45 156 231.75 136.96 304.1805
168 156 231.75 136.96 150 164.91 203.80 94.5243
169 160 31.94 177.09 150 164.91 203.80 181.7572
170 208 952.44 227.05 211 956.08 126.81 100.3120
171 211 956.08 126.81 13 1058.38 126.81 102.2972
172 138 1432.03 240.37 136 1430.29 125.94 114.4474
173 136 1430.29 125.94 148 1550.98 133.64 121.5995
174 136 1430.29 125.94 134 1381.74 124.20 48.5788
175 211 956.08 126.81 96 872.86 123.34 83.2972
176 192 679.28 105.00 193 679.28 186.37 81.3690
177 192 679.28 105.00 182 533.98 96.28 145.8210
178 178 502.01 177.65 182 533.98 96.28 92.8469
179 161 310.21 64.31 178 502.01 177.65 225.6725
180 156 231.75 136.96 161 310.21 64.31 106.9326
181 211 956.08 126.81 10 1008.10 41.85 132.0322
182 148 1550.98 133.64 149 1556.80 36.11 97.6976
183 149 1556.80 36.11 43 1457.82 44.12 99.3028
184 191 676.37 29.44 192 679.28 105.00 75.6128
185 182 533.98 96.28 191 676.37 29.44 172.1804
186 156 231.75 136.96 38 138.75 3.29 163.2966
187 134 1381.74 124.20 26 1244.77 2.83 241.0198
188 134 1381.74 124.20 39 1385.21 2.83 121.4585
189 149 1556.80 36.11 53 1558.25 1.18 34.9643
190 161 310.21 64.31 64 255.61 0.23 84.2426
191 161 310.21 64.31 71 376.98 0.23 92.5408
192 136 1430.29 125.94 41 1440.69 -0.63 127.5610
193 0 -0.74 1363.31 45 1553.99 1360.40 1554.7313
194 19 1104.56 1558.03 118 1141.34 962.28 601.4183
195 9 1.98 1483.53 155 23.29 1481.60 21.3976
196 155 23.29 1481.60 108 102.71 1481.60 79.4273
197 108 102.71 1481.60 32 133.71 1557.15 102.9156
198 108 102.71 1481.60 14 106.59 1413.79 67.9144
199 155 23.29 1481.60 62 23.29 1411.85 69.7411
200 162 317.65 1561.19 168 366.04 1480.18 126.2818
201 168 366.04 1480.18 174 448.10 1480.18 82.0574
202 174 448.10 1480.18 181 529.10 1480.18 81.0053
203 181 529.10 1480.18 162 317.65 1561.19 289.3989
204 168 366.04 1480.18 70 363.93 1406.54 73.6713
205 174 448.10 1480.18 76 449.15 1408.65 71.5448
206 181 529.10 1480.18 82 531.21 1411.80 68.4135
207 86 612.21 1562.24 195 694.27 1434.95 209.3962
208 195 694.27 1434.95 88 694.27 1560.14 125.1901
209 195 694.27 1434.95 199 785.79 1447.57 93.8687
210 199 785.79 1447.57 92 774.22 1561.19 115.8848
211 199 785.79 1447.57 201 861.54 1432.84 80.1273
212 201 861.54 1432.84 94 855.23 1561.19 128.5012
213 201 861.54 1432.84 207 940.44 1433.90 78.9083
214 207 940.44 1433.90 100 938.34 1561.19 127.3115
215 207 940.44 1433.90 109 1020.39 1434.95 79.9603
216 109 1020.39 1434.95 12 1020.39 1561.19 126.2421
217 109 1020.39 1434.95 16 1084.57 1548.57 207.4203
218 22 1167.68 1560.14 122 1192.92 1507.54 58.3466
219 122 1192.92 1507.54 34 1361.25 1508.59 168.3260
220 122 1192.92 1507.54 33 1359.14 1428.64 228.8551
221 42 1442.25 1560.14 139 1445.41 1507.54 52.6954
222 139 1445.41 1507.54 52 1557.97 1508.59 112.5707
223 139 1445.41 1507.54 51 1557.97 1427.58 191.4741
224 95 86.57 1.20 173 42.50 19.97 47.8983
225 173 42.50 19.97 67 31.89 1.20 21.5602
226 173 42.50 19.97 8 0.88 104.02 106.5863
227 148 1550.98 133.64 59 1560.11 134.00 9.1374
