1 182 479.10 1541.71 54 493.36 1558.82 22.2772
2 182 479.10 1541.71 53 453.43 1560.25 31.6658
3 174 410.64 1531.72 52 427.76 1560.25 33.2634
4 174 410.64 1531.72 50 356.45 1560.25 61.2417
5 45 193.87 1563.10 144 175.33 1528.87 38.9265
6 144 175.33 1528.87 26 122.56 1560.25 61.3910
7 185 526.16 1507.48 56 566.09 1558.82 65.0427
8 185 526.16 1507.48 182 479.10 1541.71 58.1934
9 174 410.64 1531.72 185 526.16 1507.48 118.0353
10 224 839.20 1501.06 67 884.84 1559.53 74.1737
11 224 839.20 1501.06 63 767.89 1559.53 92.2161
12 170 394.95 1491.79 174 410.64 1531.72 42.9032
13 195 607.45 1487.51 60 665.92 1560.25 93.3234
14 84 1134.42 1469.69 25 1204.30 1560.96 114.9538
15 84 1134.42 1469.69 18 1024.60 1559.53 141.8863
16 165 359.30 1434.75 170 394.95 1491.79 67.2716
17 165 359.30 1434.75 144 175.33 1528.87 206.6547
18 144 175.33 1528.87 95 121.13 1431.89 111.0937
19 95 121.13 1431.89 14 1.34 1497.50 136.5837
20 89 1181.48 1429.75 84 1134.42 1469.69 61.7214
21 178 442.02 1400.52 185 526.16 1507.48 136.0913
22 170 394.95 1491.79 178 442.02 1400.52 102.6931
23 98 1229.97 1391.25 29 1351.19 1560.96 208.6263
24 98 1229.97 1391.25 89 1181.48 1429.75 61.9187
25 205 674.48 1381.98 195 607.45 1487.51 125.0226
26 211 714.41 1349.18 224 839.20 1501.06 196.5741
27 205 674.48 1381.98 211 714.41 1349.18 51.6772
28 74 1027.45 1338.48 84 1134.42 1469.69 169.2804
29 224 839.20 1501.06 74 1027.45 1338.48 248.7404
30 160 306.53 1336.34 165 359.30 1434.75 111.6598
31 160 306.53 1336.34 95 121.13 1431.89 208.5749
32 95 121.13 1431.89 210 71.22 1333.49 110.3405
33 210 71.22 1333.49 13 1.34 1376.27 81.9388
34 98 1229.97 1391.25 109 1332.65 1309.96 130.9658
35 79 1077.37 1299.97 89 1181.48 1429.75 166.3779
36 74 1027.45 1338.48 79 1077.37 1299.97 63.0419
37 74 1027.45 1338.48 222 807.83 1272.88 242.8625
38 222 807.83 1272.88 211 714.41 1349.18 120.6134
39 83 1127.29 1258.62 98 1229.97 1391.25 167.7355
40 83 1127.29 1258.62 79 1077.37 1299.97 64.8234
41 155 258.04 1239.36 160 306.53 1336.34 108.4253
42 210 71.22 1333.49 155 258.04 1239.36 209.1980
43 210 71.22 1333.49 141 17.02 1236.51 111.0937
44 141 17.02 1236.51 2 -0.09 1247.92 20.5683
45 120 1428.92 1229.38 35 1558.70 1389.11 205.8065
46 120 1428.92 1229.38 109 1332.65 1309.96 125.5381
47 141 17.02 1236.51 1 -0.09 1223.67 21.3924
48 222 807.83 1272.88 66 879.13 1215.83 91.3186
49 141 17.02 1236.51 196 61.23 1210.84 51.1232
50 190 564.67 1210.84 177 442.02 1285.00 143.3268
51 211 714.41 1349.18 193 588.91 1185.17 206.5169
52 190 564.67 1210.84 193 588.91 1185.17 35.3099
53 196 61.23 1210.84 91 119.71 1178.04 67.0445
54 109 1332.65 1309.96 97 1225.69 1175.90 171.5006
55 97 1225.69 1175.90 83 1127.29 1258.62 128.5519
56 133 1524.47 1149.51 34 1558.70 1190.87 53.6848
57 120 1428.92 1229.38 133 1524.47 1149.51 124.5336
58 177 442.02 1285.00 162 330.78 1145.24 178.6284
59 79 1077.37 1299.97 234 956.15 1141.67 199.3865
60 150 220.96 1129.55 178 442.02 1400.52 349.6989
61 155 258.04 1239.36 150 220.96 1129.55 117.4877
62 91 119.71 1178.04 150 220.96 1129.55 112.2699
63 133 1524.47 1149.51 33 1557.27 1125.27 40.7890
64 222 807.83 1272.88 206 680.90 1113.15 204.0199
65 206 680.90 1113.15 193 588.91 1185.17 116.8273
66 196 61.23 1210.84 0 -0.09 1103.88 123.2944
67 70 1006.06 1100.31 83 1127.29 1258.62 199.3865
68 234 956.15 1141.67 70 1006.06 1100.31 64.8234
69 107 1321.96 1096.75 120 1428.92 1229.38 170.3882
70 107 1321.96 1096.75 97 1225.69 1175.90 124.6274
71 173 406.36 1089.62 162 330.78 1145.24 93.8449
72 221 797.13 1056.81 74 1027.45 1338.48 363.8470
73 193 588.91 1185.17 179 466.26 1036.85 192.4623
74 173 406.36 1089.62 179 466.26 1036.85 79.8265
75 171 40.82 1028.67 91 119.71 1178.04 168.9191
76 81 1100.19 1023.30 97 1225.69 1175.90 197.5779
77 70 1006.06 1100.31 81 1100.19 1023.30 121.6168
78 234 956.15 1141.67 226 849.90 1016.88 163.8930
79 226 849.90 1016.88 221 797.13 1056.81 66.1742
80 133 1524.47 1149.51 119 1418.93 1015.46 170.6149
81 119 1418.93 1015.46 107 1321.96 1096.75 126.5426
82 171 40.82 1028.67 68 91.88 1000.31 58.4106
83 94 12.75 975.52 171 40.82 1028.67 60.1064
84 8 -0.09 981.23 94 12.75 975.52 14.0460
85 70 1006.06 1100.31 230 899.81 974.10 164.9815
86 230 899.81 974.10 226 849.90 1016.88 65.7425
87 187 553.97 960.55 206 680.90 1113.15 198.4867
88 187 553.97 960.55 179 466.26 1036.85 116.2513
89 202 66.94 944.15 149 208.13 1001.19 152.2783
90 202 66.94 944.15 94 12.75 975.52 62.6210
91 93 1195.03 939.87 107 1321.96 1096.75 201.7946
92 131 1515.91 938.44 38 1558.70 986.93 64.6663
93 119 1418.93 1015.46 131 1515.91 938.44 123.8376
94 158 289.42 927.03 173 406.36 1089.62 211.3464
95 158 289.42 927.03 149 208.13 1001.19 110.0360
96 142 17.02 908.49 202 66.94 944.15 61.3412
97 7 -0.09 918.48 142 17.02 908.49 19.8128
98 131 1515.91 938.44 140 1560.12 902.79 56.7961
99 142 17.02 908.49 17 1.34 899.94 17.8697
100 187 553.97 960.55 200 657.37 884.25 128.5004
101 179 466.26 1036.85 163 336.48 877.12 205.8065
102 163 336.48 877.12 158 289.42 927.03 68.6038
103 86 1142.97 875.53 93 1195.03 939.87 82.7571
104 81 1100.19 1023.30 238 975.40 862.86 203.2583
105 104 1292.01 861.43 119 1418.93 1015.46 199.5852
106 93 1195.03 939.87 104 1292.01 861.43 124.7294
107 209 705.86 844.32 64 770.03 924.18 102.4551
108 200 657.37 884.25 209 705.86 844.32 62.8156
109 147 197.59 839.65 47 231.13 884.96 56.3764
110 147 197.59 839.65 125 146.80 879.97 64.8452
111 168 385.68 837.90 163 336.48 877.12 62.9207
112 209 705.86 844.32 216 760.05 800.11 69.9398
113 175 428.47 799.39 187 553.97 960.55 204.2591
114 175 428.47 799.39 168 385.68 837.90 57.5609
115 86 1142.97 875.53 23 1157.95 794.40 112.7970
116 156 264.46 786.56 163 336.48 877.12 115.7077
117 156 264.46 786.56 147 197.59 839.65 85.3858
118 145 18.06 784.66 55 54.60 840.65 66.8612
119 145 18.06 784.66 12 0.62 792.26 19.0207
120 78 1068.10 782.99 86 1142.97 875.53 119.0375
121 238 975.40 862.86 78 1068.10 782.99 122.3587
122 131 1515.91 938.44 114 1388.98 780.14 202.9053
123 114 1388.98 780.14 104 1292.01 861.43 126.5426
124 125 146.80 879.97 189 56.24 768.02 143.9957
125 189 56.24 768.02 145 18.06 784.66 41.6537
126 161 315.80 750.90 168 385.68 837.90 111.5870
127 161 315.80 750.90 156 264.46 786.56 62.5073
128 121 1436.05 741.63 140 1560.12 902.79 203.7646
129 114 1388.98 780.14 121 1436.05 741.63 60.8084
130 189 56.24 768.02 9 -0.80 719.53 75.4760
131 186 533.29 714.54 58 588.91 784.42 89.3142
132 186 533.29 714.54 175 428.47 799.39 134.8640
133 166 360.01 712.40 175 428.47 799.39 110.6994
134 166 360.01 712.40 161 315.80 750.90 58.6287
135 148 201.71 710.97 156 264.46 786.56 98.2392
136 189 56.24 768.02 148 201.71 710.97 156.2535
137 227 851.32 710.26 238 975.40 862.86 196.6750
138 216 760.05 800.11 227 851.32 710.26 130.0481
139 88 1163.65 704.55 104 1292.01 861.43 202.6948
140 78 1068.10 782.99 88 1163.65 704.55 123.6239
141 127 1490.24 697.42 37 1558.70 785.84 111.8236
142 121 1436.05 741.63 127 1490.24 697.42 69.9397
143 154 254.48 672.47 161 315.80 750.90 99.5656
144 148 201.71 710.97 154 254.48 672.47 65.3235
145 96 1213.57 666.05 88 1163.65 704.55 63.0419
146 127 1490.24 697.42 130 1515.20 639.66 63.4256
147 159 300.12 636.81 166 360.01 712.40 96.4423
148 154 254.48 672.47 159 300.12 636.81 57.9131
149 216 760.05 800.11 198 628.84 634.67 211.1480
150 186 533.29 714.54 198 628.84 634.67 124.5336
151 233 945.45 630.39 78 1068.10 782.99 195.7784
152 233 945.45 630.39 227 851.32 710.26 123.4428
153 180 466.26 626.12 186 533.29 714.54 110.9563
154 166 360.01 712.40 180 466.26 626.12 136.8700
155 130 1515.20 639.66 134 1533.74 625.40 115.6610
156 134 1533.74 625.40 130 1515.20 639.66 23.3907
157 101 1263.48 620.41 114 1388.98 780.14 203.1357
158 96 1213.57 666.05 101 1263.48 620.41 67.6334
159 134 1533.74 625.40 39 1559.41 605.44 32.5213
160 239 993.23 591.17 233 945.45 630.39 61.8119
161 152 24.15 589.04 5 -0.09 606.15 29.6764
162 105 1310.55 583.33 101 1263.48 620.41 59.9155
163 152 24.15 589.04 16 1.34 554.81 41.1366
164 218 78.35 553.38 148 201.71 710.97 200.1323
165 218 78.35 553.38 152 24.15 589.04 64.8705
166 227 851.32 710.26 213 724.40 553.38 201.7947
167 213 724.40 553.38 198 628.84 634.67 125.4530
168 172 402.09 550.53 180 466.26 626.12 99.1563
169 172 402.09 550.53 159 300.12 636.81 133.5760
170 198 628.84 634.67 188 558.96 550.53 109.3778
171 180 466.26 626.12 188 558.96 550.53 119.6101
172 88 1163.65 704.55 75 1040.29 549.82 197.8940
173 75 1040.29 549.82 239 993.23 591.17 62.6536
174 112 1364.74 540.55 127 1490.24 697.42 200.9006
175 105 1310.55 583.33 112 1364.74 540.55 69.0471
176 100 126.84 517.73 46 208.13 617.56 128.7416
177 100 126.84 517.73 218 78.35 553.38 60.1864
178 71 1014.04 516.50 75 1040.29 549.82 42.4163
179 135 1536.59 511.31 43 1560.84 536.98 35.3099
180 80 1088.07 509.17 96 1213.57 666.05 200.9007
181 75 1040.29 549.82 80 1088.07 509.17 62.7265
182 207 690.17 507.74 213 724.40 553.38 57.0462
183 116 1408.24 497.05 31 1459.58 542.69 68.6927
184 112 1364.74 540.55 116 1408.24 497.05 61.5150
185 135 1536.59 511.31 42 1560.84 487.07 34.2871
186 112 1364.74 540.55 106 1316.25 479.22 78.1788
187 159 300.12 636.81 143 174.61 478.51 202.0162
188 143 174.61 478.51 100 126.84 517.73 61.8119
189 188 558.96 550.53 184 499.06 474.94 96.4422
190 184 499.06 474.94 172 402.09 550.53 122.9557
191 223 821.38 473.52 233 945.45 630.39 200.0128
192 213 724.40 553.38 223 821.38 473.52 125.6312
193 214 737.23 470.66 207 690.17 507.74 59.9155
194 101 1263.48 620.41 85 1139.41 467.81 196.6750
195 85 1139.41 467.81 80 1088.07 509.17 65.9278
196 218 78.35 553.38 4 -0.09 457.83 123.6239
197 137 1548.00 448.56 44 1562.26 468.53 24.5365
198 71 1014.04 516.50 19 1033.87 443.57 98.7341
199 123 1455.30 442.85 135 1536.59 511.31 106.2749
200 116 1408.24 497.05 123 1455.30 442.85 71.7768
201 151 225.24 437.86 143 174.61 478.51 64.9253
202 239 993.23 591.17 228 867.73 435.72 199.8508
203 228 867.73 435.72 223 821.38 473.52 59.8050
204 137 1548.00 448.56 41 1560.84 435.72 18.1520
205 116 1408.24 497.05 110 1349.77 434.30 85.7711
206 110 1349.77 434.30 106 1316.25 479.22 56.0481
207 223 821.38 473.52 219 785.72 430.73 55.6931
208 214 737.23 470.66 219 785.72 430.73 62.8157
209 90 1189.32 427.88 105 1310.55 583.33 197.1296
210 90 1189.32 427.88 85 1139.41 467.81 63.9229
211 129 1496.66 412.91 137 1548.00 448.56 62.5072
212 123 1455.30 442.85 129 1496.66 412.91 51.0635
213 157 278.01 396.50 172 402.09 550.53 197.7836
214 151 225.24 437.86 157 278.01 396.50 67.0445
215 194 596.04 395.08 207 690.17 507.74 146.8108
216 184 499.06 474.94 194 596.04 395.08 125.6312
217 231 918.35 395.08 71 1014.04 516.50 154.5919
218 231 918.35 395.08 228 867.73 435.72 64.9253
219 106 1316.25 479.22 99 1239.24 386.52 120.5164
220 99 1239.24 386.52 90 1189.32 427.88 64.8235
221 113 1383.99 381.53 123 1455.30 442.85 94.0506
222 113 1383.99 381.53 110 1349.77 434.30 62.8965
223 129 1496.66 412.91 122 1452.45 375.83 57.7020
224 129 1496.66 412.91 138 1555.13 375.83 69.2384
225 100 126.84 517.73 69 -0.09 359.42 202.9053
226 236 965.42 356.57 231 918.35 395.08 60.8084
227 194 596.04 395.08 191 565.11 355.92 49.8997
228 199 645.96 355.15 214 737.23 470.66 147.2259
229 194 596.04 395.08 199 645.96 355.15 63.9230
230 110 1349.77 434.30 102 1282.74 351.58 106.4661
231 102 1282.74 351.58 99 1239.24 386.52 55.7934
232 122 1452.45 375.83 117 1413.94 345.88 48.7819
233 117 1413.94 345.88 113 1383.99 381.53 46.5635
234 132 1523.76 324.48 138 1555.13 375.83 60.1696
235 122 1452.45 375.83 132 1523.76 324.48 87.8678
236 183 48.40 320.92 143 174.61 478.51 201.9029
237 69 -0.09 359.42 183 48.40 320.92 61.9188
238 167 374.28 318.78 184 499.06 474.94 199.8984
239 167 374.28 318.78 157 278.01 396.50 123.7266
240 219 785.72 430.73 208 694.45 316.64 146.1096
241 208 694.45 316.64 199 645.96 355.15 61.9188
242 191 565.11 355.92 197 610.30 313.79 61.7879
243 85 1139.41 467.81 72 1015.33 312.36 198.8962
244 72 1015.33 312.36 236 965.42 356.57 66.6794
245 108 1326.95 311.65 113 1383.99 381.53 90.2092
246 102 1282.74 351.58 108 1326.95 311.65 59.5751
247 197 610.30 313.79 57 587.49 286.69 35.4250
248 235 96.89 280.99 151 225.24 437.86 202.6947
249 183 48.40 320.92 235 96.89 280.99 62.8156
250 215 742.94 278.13 228 867.73 435.72 201.0145
251 208 694.45 316.64 215 742.94 278.13 61.9188
252 208 694.45 316.64 203 660.94 274.71 53.6769
253 197 610.30 313.79 203 660.94 274.71 63.9625
254 77 1062.40 272.43 90 1189.32 427.88 200.6879
255 72 1015.33 312.36 77 1062.40 272.43 61.7214
256 132 1523.76 324.48 128 1495.23 271.72 59.9833
257 128 1495.23 271.72 117 1413.94 345.88 111.2784
258 183 48.40 320.92 15 1.34 266.72 71.7768
259 102 1282.74 351.58 24 1201.45 254.60 126.5426
260 136 1541.58 252.46 40 1560.12 273.86 28.3084
261 136 1541.58 252.46 128 1495.23 271.72 50.1897
262 136 1541.58 252.46 36 1558.70 252.46 17.1139
263 157 278.01 396.50 124 146.80 242.48 202.3331
264 124 146.80 242.48 235 96.89 280.99 63.0419
265 118 1414.66 241.05 108 1326.95 311.65 112.5895
266 191 565.11 355.92 181 472.68 238.91 149.1115
267 167 374.28 318.78 181 472.68 238.91 126.7354
268 220 792.85 238.20 231 918.35 395.08 200.9006
269 215 742.94 278.13 220 792.85 238.20 63.9229
270 99 1239.24 386.52 82 1106.61 232.50 203.2609
271 82 1106.61 232.50 77 1062.40 272.43 59.5751
272 215 742.94 278.13 62 683.04 202.55 96.4422
273 124 146.80 242.48 146 194.58 200.41 63.6599
274 236 965.42 356.57 225 839.92 198.27 202.0162
275 225 839.92 198.27 220 792.85 238.20 61.7214
276 126 1485.96 182.58 136 1541.58 252.46 89.3142
277 118 1414.66 241.05 126 1485.96 182.58 92.2161
278 235 96.89 280.99 3 -0.09 164.04 151.9240
279 153 243.07 160.48 167 374.28 318.78 205.6088
280 153 243.07 160.48 146 194.58 200.41 62.8156
281 203 660.94 274.71 192 569.66 160.48 146.2215
282 181 472.68 238.91 192 569.66 160.48 124.7294
283 229 891.26 155.48 72 1015.33 312.36 200.0128
284 225 839.92 198.27 229 891.26 155.48 66.8318
285 108 1326.95 311.65 92 1192.18 154.06 207.3597
286 92 1192.18 154.06 82 1106.61 232.50 116.0806
287 126 1485.96 182.58 139 1558.70 142.65 83.0760
288 77 1062.40 272.43 232 933.82 120.99 199.4824
289 229 891.26 155.48 232 933.82 120.99 54.7900
290 237 973.97 88.46 82 1106.61 232.50 195.8044
291 232 933.82 120.99 237 973.97 88.46 51.6761
292 124 146.80 242.48 115 14.88 86.32 204.4258
293 115 14.88 86.32 11 0.62 100.58 20.1689
294 103 1292.01 84.18 118 1414.66 241.05 199.1312
295 92 1192.18 154.06 103 1292.01 84.18 121.8590
296 220 792.85 238.20 204 666.64 83.46 199.6846
297 192 569.66 160.48 204 666.64 83.46 123.8375
298 164 342.90 80.61 181 472.68 238.91 204.7017
299 153 243.07 160.48 164 342.90 80.61 127.8459
300 115 14.88 86.32 10 -2.23 67.78 25.2313
301 73 1019.61 52.80 22 1086.64 128.39 101.0257
302 237 973.97 88.46 73 1019.61 52.80 57.9131
303 146 194.58 200.41 201 66.23 44.96 201.5929
304 115 14.88 86.32 201 66.23 44.96 65.9279
305 212 717.98 43.53 225 839.92 198.27 197.0082
306 204 666.64 83.46 212 717.98 43.53 65.0427
307 164 342.90 80.61 169 392.82 42.11 63.0418
308 126 1485.96 182.58 111 1364.74 27.13 197.1295
309 111 1364.74 27.13 103 1292.01 84.18 92.4364
310 76 1059.54 12.87 92 1192.18 154.06 193.7158
311 73 1019.61 52.80 76 1059.54 12.87 56.4728
312 87 116.14 6.45 153 243.07 160.48 199.5853
313 201 66.23 44.96 87 116.14 6.45 63.0419
314 192 569.66 160.48 176 438.45 5.03 203.4209
315 169 392.82 42.11 176 438.45 5.03 58.8019
316 217 767.18 4.31 229 891.26 155.48 195.5705
317 212 717.98 43.53 217 767.18 4.31 62.9207
318 169 392.82 42.11 51 361.44 2.17 50.7839
319 204 666.64 83.46 59 603.89 2.17 102.6930
320 237 973.97 88.46 65 861.31 1.46 142.5753
321 103 1292.01 84.18 27 1234.96 1.46 102.3020
322 111 1364.74 27.13 28 1341.92 1.46 34.3464
323 139 1558.70 142.65 32 1483.11 1.46 160.1490
324 201 66.23 44.96 49 30.57 0.75 56.7961
325 164 342.90 80.61 48 277.30 0.75 103.3544
326 76 1059.54 12.87 20 1043.86 0.03 20.2695
327 76 1059.54 12.87 21 1073.80 0.03 19.1870
328 111 1364.74 27.13 30 1397.54 0.03 42.5463
329 212 717.98 43.53 61 682.33 -0.68 56.7961
330 149 208.13 1001.19 162 330.78 1145.24 189.1847
331 150 220.96 1129.55 158 289.42 927.03 213.7710
332 150 220.96 1129.55 173 406.36 1089.62 189.6518
333 149 208.13 1001.19 6 -0.09 850.02 257.3093
334 202 66.94 944.15 125 146.80 879.97 102.4551
335 177 442.02 1285.00 195 607.45 1487.51 261.4962
336 178 442.02 1400.52 190 564.67 1210.84 225.8779
337 185 526.16 1507.48 205 674.48 1381.98 194.2923
338 206 680.90 1113.15 238 975.40 862.86 386.5012
339 216 760.05 800.11 230 899.81 974.10 223.3427
340 221 797.13 1056.81 200 657.37 884.25 222.0676
