1 183 747.33 1540.13 11 734.05 1561.16 24.8745
2 74 21.62 1522.96 14 9.69 1559.69 38.6193
3 74 21.62 1522.96 3 0.51 1526.63 21.4358
4 229 92.33 1518.37 12 80.39 1559.69 43.0090
5 229 92.33 1518.37 74 21.62 1522.96 70.8510
6 70 199.76 1511.03 8 201.59 1559.69 48.6997
7 229 92.33 1518.37 70 199.76 1511.03 107.6813
8 89 326.47 1504.60 9 330.14 1559.69 55.2148
9 70 199.76 1511.03 89 326.47 1504.60 126.8758
10 123 478.89 1496.33 10 484.40 1559.69 63.5955
11 89 326.47 1504.60 123 478.89 1496.33 152.6466
12 30 1076.08 1469.29 4 1074.98 1560.05 90.7727
13 58 1412.58 1460.43 6 1506.67 1561.16 138.0751
14 158 649.68 1459.61 183 747.33 1540.13 126.5713
15 194 775.47 1463.28 167 679.98 1450.42 101.2829
16 167 679.98 1450.42 158 649.68 1459.61 31.6616
17 74 21.62 1522.96 105 43.66 1444.91 81.0993
18 105 43.66 1444.91 2 0.51 1447.67 43.2437
19 216 874.64 1444.00 194 775.47 1463.28 101.0239
20 42 116.20 1439.40 229 92.33 1518.37 82.4959
21 42 116.20 1439.40 105 43.66 1444.91 72.7474
22 158 649.68 1459.61 153 630.40 1439.40 27.9263
23 69 197.00 1433.90 70 199.76 1511.03 77.1788
24 42 116.20 1439.40 69 197.00 1433.90 80.9900
25 88 324.63 1428.39 89 326.47 1504.60 76.2334
26 69 197.00 1433.90 88 324.63 1428.39 127.7499
27 121 475.22 1423.80 123 478.89 1496.33 72.6314
28 88 324.63 1428.39 121 475.22 1423.80 150.6563
29 167 679.98 1450.42 163 673.55 1421.04 30.0775
30 153 630.40 1439.40 163 673.55 1421.04 46.9006
31 216 874.64 1444.00 238 951.77 1414.61 82.5367
32 30 1076.08 1469.29 58 1412.58 1460.43 365.8912
33 19 1008.70 1394.41 238 951.77 1414.61 60.4067
34 142 577.14 1384.31 153 630.40 1439.40 76.6251
35 191 766.29 1381.56 194 775.47 1463.28 82.2348
36 191 766.29 1381.56 163 673.55 1421.04 100.7941
37 105 43.66 1444.91 159 65.70 1376.05 72.3057
38 159 65.70 1376.05 1 0.51 1379.72 65.2962
39 56 137.32 1373.29 42 116.20 1439.40 69.4023
40 56 137.32 1373.29 159 65.70 1376.05 71.6733
41 69 197.00 1433.90 68 192.41 1372.38 61.6911
42 56 137.32 1373.29 68 192.41 1372.38 55.1002
43 144 597.34 1369.62 142 577.14 1384.31 24.9780
44 35 1091.80 1365.49 19 1008.70 1394.41 87.9878
45 86 323.71 1363.19 88 324.63 1428.39 65.1993
46 68 192.41 1372.38 86 323.71 1363.19 131.6246
47 120 474.30 1354.01 121 475.22 1423.80 69.7900
48 86 323.71 1363.19 120 474.30 1354.01 150.8660
49 163 673.55 1421.04 157 649.68 1353.09 72.0195
50 157 649.68 1353.09 144 597.34 1369.62 54.8855
51 142 577.14 1384.31 132 546.84 1350.34 45.5232
52 132 546.84 1350.34 120 474.30 1354.01 72.6315
53 215 868.21 1339.32 216 874.64 1444.00 104.8731
54 191 766.29 1381.56 215 868.21 1339.32 110.3266
55 35 1091.80 1365.49 45 1176.27 1337.02 89.1420
56 53 1244.33 1325.39 51 1233.20 1317.74 13.5048
57 45 1176.27 1337.02 51 1233.20 1317.74 60.1059
58 238 951.77 1414.61 232 930.65 1314.53 102.8444
59 232 930.65 1314.53 215 868.21 1339.32 67.1800
60 188 758.95 1309.02 191 766.29 1381.56 72.9096
61 157 649.68 1353.09 188 758.95 1309.02 117.8210
62 147 6.93 1302.59 0 -1.33 1326.47 25.2632
63 159 65.70 1376.05 221 88.65 1300.76 78.7146
64 147 6.93 1302.59 221 88.65 1300.76 81.7413
65 62 170.37 1296.16 68 192.41 1372.38 81.7276
66 62 170.37 1296.16 56 137.32 1373.29 84.9263
67 62 170.37 1296.16 221 88.65 1300.76 81.8495
68 247 987.58 1292.49 19 1008.70 1394.41 104.2048
69 232 930.65 1314.53 247 987.58 1292.49 61.0454
70 87 324.63 1287.90 86 323.71 1363.19 75.2988
71 62 170.37 1296.16 87 324.63 1287.90 154.4804
72 119 466.96 1281.47 132 546.84 1350.34 105.4703
73 119 466.96 1281.47 120 474.30 1354.01 72.9096
74 87 324.63 1287.90 119 466.96 1281.47 142.4675
75 212 859.03 1265.86 215 868.21 1339.32 74.0283
76 188 758.95 1309.02 212 859.03 1265.86 108.9926
77 140 570.71 1264.03 144 597.34 1369.62 108.8997
78 140 570.71 1264.03 119 466.96 1281.47 105.2141
79 28 1057.82 1262.65 35 1091.80 1365.49 108.3059
80 28 1057.82 1262.65 247 987.58 1292.49 76.3191
81 157 649.68 1353.09 151 620.30 1255.76 101.6686
82 151 620.30 1255.76 140 570.71 1264.03 50.2673
83 188 758.95 1309.02 186 750.68 1236.48 73.0077
84 186 750.68 1236.48 151 620.30 1255.76 131.8038
85 45 1176.27 1337.02 39 1132.20 1235.10 111.0425
86 39 1132.20 1235.10 28 1057.82 1262.65 79.3123
87 84 30.81 1232.81 147 6.93 1302.59 73.7546
88 221 88.65 1300.76 32 108.85 1229.13 74.4147
89 84 30.81 1232.81 32 108.85 1229.13 78.1342
90 65 182.31 1224.54 62 170.37 1296.16 72.6083
91 65 182.31 1224.54 32 108.85 1229.13 73.6001
92 212 859.03 1265.86 209 851.69 1221.79 44.6820
93 209 851.69 1221.79 186 750.68 1236.48 102.0659
94 247 987.58 1292.49 237 949.02 1221.79 80.8427
95 237 949.02 1221.79 212 859.03 1265.86 100.1985
96 51 1233.20 1317.74 47 1191.88 1221.33 104.8931
97 47 1191.88 1221.33 39 1132.20 1235.10 61.2522
98 90 330.14 1218.12 87 324.63 1287.90 70.0011
99 65 182.31 1224.54 90 330.14 1218.12 147.9714
100 118 466.04 1210.77 119 466.96 1281.47 70.7080
101 118 466.04 1210.77 90 330.14 1218.12 136.0933
102 237 949.02 1221.79 240 961.87 1209.85 17.5423
103 54 1247.89 1205.72 5 1271.45 1257.32 56.7190
104 47 1191.88 1221.33 54 1247.89 1205.72 58.1452
105 46 1180.86 1191.95 47 1191.88 1221.33 31.3807
106 151 620.30 1255.76 149 611.11 1191.49 64.9272
107 118 466.04 1210.77 149 611.11 1191.49 146.3529
108 149 611.11 1191.49 166 679.06 1185.98 68.1704
109 186 750.68 1236.48 182 743.34 1179.55 57.4009
110 182 743.34 1179.55 166 679.06 1185.98 64.5952
111 205 841.58 1172.21 209 851.69 1221.79 51.5851
112 182 743.34 1179.55 205 841.58 1172.21 98.5226
113 54 1247.89 1205.72 49 1231.36 1169.91 39.4403
114 46 1180.86 1191.95 49 1231.36 1169.91 55.1003
115 125 50.09 1169.45 84 30.81 1232.81 66.2257
116 28 1057.82 1262.65 23 1037.16 1169.45 95.5397
117 240 961.87 1209.85 23 1037.16 1169.45 85.4478
118 32 108.85 1229.13 52 124.46 1167.61 63.4695
119 125 50.09 1169.45 52 124.46 1167.61 74.3976
120 218 878.31 1165.78 205 841.58 1172.21 37.2866
121 71 203.43 1163.02 65 182.31 1224.54 65.0440
122 52 124.46 1167.61 71 203.43 1163.02 79.0994
123 91 335.65 1153.84 90 330.14 1218.12 64.5103
124 71 203.43 1163.02 91 335.65 1153.84 132.5406
125 116 462.36 1142.82 118 466.04 1210.77 68.0467
126 91 335.65 1153.84 116 462.36 1142.82 127.1910
127 34 1089.96 1139.61 39 1132.20 1235.10 104.4178
128 23 1037.16 1169.45 34 1089.96 1139.61 60.6470
129 230 926.06 1138.23 240 961.87 1209.85 80.0740
130 218 878.31 1165.78 230 926.06 1138.23 55.1232
131 205 841.58 1172.21 203 831.48 1110.69 62.3436
132 40 1138.63 1109.31 46 1180.86 1191.95 92.8072
133 40 1138.63 1109.31 34 1089.96 1139.61 57.3275
134 203 831.48 1110.69 218 878.31 1165.78 91.6779
135 145 599.18 1103.34 149 611.11 1191.49 88.9526
136 116 462.36 1142.82 145 599.18 1103.34 142.3965
137 23 1037.16 1169.45 246 987.58 1102.42 83.9418
138 246 987.58 1102.42 230 926.06 1138.23 71.1834
139 52 124.46 1167.61 59 144.23 1088.05 81.9851
140 59 144.23 1088.05 190 76.75 1086.51 67.4960
141 190 76.75 1086.51 125 50.09 1169.45 87.1171
142 166 679.06 1185.98 162 668.96 1085.89 100.5931
143 162 668.96 1085.89 145 599.18 1103.34 71.9316
144 71 203.43 1163.02 76 227.04 1083.45 83.0065
145 59 144.23 1088.05 76 227.04 1083.45 82.9424
146 49 1231.36 1169.91 48 1196.47 1079.01 97.3692
147 40 1138.63 1109.31 48 1196.47 1079.01 65.3027
148 91 335.65 1153.84 93 340.53 1072.71 81.2762
149 93 340.53 1072.71 76 227.04 1083.45 114.0001
150 21 1028.44 1070.74 23 1037.16 1169.45 99.2680
151 21 1028.44 1070.74 246 987.58 1102.42 51.7018
152 180 731.40 1070.28 182 743.34 1179.55 109.9170
153 162 668.96 1085.89 180 731.40 1070.28 64.3599
154 116 462.36 1142.82 115 461.69 1065.04 77.7821
155 93 340.53 1072.71 115 461.69 1065.04 121.4955
156 34 1089.96 1139.61 25 1049.56 1057.89 91.1621
157 25 1049.56 1057.89 21 1028.44 1070.74 24.7235
158 203 831.48 1110.69 200 823.22 1049.17 62.0726
159 200 823.22 1049.17 180 731.40 1070.28 94.2183
160 115 461.69 1065.04 133 550.63 1046.64 91.0013
161 230 926.06 1138.23 220 879.69 1042.28 106.5697
162 220 879.69 1042.28 200 823.22 1049.17 56.8883
163 25 1049.56 1057.89 31 1078.02 1039.52 33.8743
164 145 599.18 1103.34 143 592.04 1028.24 75.4409
165 133 550.63 1046.64 143 592.04 1028.24 45.5539
166 37 1100.98 1027.59 40 1138.63 1109.31 89.9752
167 31 1078.02 1039.52 37 1100.98 1027.59 25.8734
168 234 939.37 1018.41 246 987.58 1102.42 97.0242
169 220 879.69 1042.28 234 939.37 1018.41 64.2812
170 180 731.40 1070.28 179 723.14 1015.19 55.7089
171 61 162.63 997.57 59 144.23 1088.05 92.3352
172 26 105.89 996.03 61 162.63 997.57 56.7641
173 190 76.75 1086.51 26 105.89 996.03 95.0784
174 201 827.81 994.99 200 823.22 1049.17 54.3686
175 179 723.14 1015.19 201 827.81 994.99 106.6072
176 48 1196.47 1079.01 44 1161.58 991.78 93.9495
177 37 1100.98 1027.59 44 1161.58 991.78 70.3914
178 76 227.04 1083.45 77 248.51 991.43 94.4879
179 61 162.63 997.57 77 248.51 991.43 86.1007
180 16 1000.89 988.10 21 1028.44 1070.74 87.1090
181 16 1000.89 988.10 234 939.37 1018.41 68.5774
182 94 346.67 983.76 93 340.53 1072.71 89.1603
183 94 346.67 983.76 77 248.51 991.43 98.4498
184 103 398.81 983.76 94 346.67 983.76 52.1426
185 114 455.55 980.70 115 461.69 1065.04 84.5711
186 103 398.81 983.76 114 455.55 980.70 56.8262
187 133 550.63 1046.64 131 541.43 980.70 66.5839
188 131 541.43 980.70 114 455.55 980.70 85.8819
189 234 939.37 1018.41 226 911.83 973.41 52.7551
190 226 911.83 973.41 201 827.81 994.99 86.7429
191 143 592.04 1028.24 141 575.17 969.96 61.3190
192 141 575.17 969.96 131 541.43 980.70 35.4060
193 179 723.14 1015.19 176 717.80 968.43 47.0689
194 176 717.80 968.43 143 592.04 1028.24 139.3619
195 31 1078.02 1039.52 27 1052.31 962.40 81.3017
196 27 1052.31 962.40 16 1000.89 988.10 57.4889
197 26 105.89 996.03 43 116.62 948.49 48.7387
198 77 248.51 991.43 78 256.18 946.96 45.1307
199 63 174.90 945.42 78 256.18 946.96 81.2955
200 63 174.90 945.42 61 162.63 997.57 53.5665
201 43 116.62 948.49 63 174.90 945.42 58.3577
202 94 346.67 983.76 96 348.20 940.82 42.9684
203 96 348.20 940.82 78 256.18 946.96 92.2206
204 102 397.27 939.29 103 398.81 983.76 44.5010
205 96 348.20 940.82 102 397.27 939.29 49.0993
206 223 893.46 937.60 226 911.83 973.41 40.2444
207 173 711.66 934.69 176 717.80 968.43 34.2925
208 141 575.17 969.96 173 711.66 934.69 140.9749
209 113 452.48 931.62 114 455.55 980.70 49.1711
210 102 397.27 939.29 113 452.48 931.62 55.7397
211 44 1161.58 991.78 41 1140.84 930.78 64.4291
212 41 1140.84 930.78 27 1052.31 962.40 93.9987
213 201 827.81 994.99 195 791.41 927.02 77.1053
214 195 791.41 927.02 176 717.80 968.43 84.4597
215 173 711.66 934.69 195 791.41 927.02 83.6675
216 243 973.35 912.81 16 1000.89 988.10 80.1739
217 223 893.46 937.60 243 973.35 912.81 83.6428
218 138 569.04 907.08 141 575.17 969.96 63.1763
219 113 452.48 931.62 138 569.04 907.08 119.1089
220 78 256.18 946.96 79 265.38 904.02 43.9158
221 95 348.20 904.02 96 348.20 940.82 36.8065
222 112 452.48 904.02 113 452.48 931.62 27.6049
223 95 348.20 904.02 112 452.48 904.02 105.0099
224 95 348.20 904.02 79 265.38 904.02 83.3250
225 217 875.10 899.04 223 893.46 937.60 42.7140
226 195 791.41 927.02 217 875.10 899.04 88.2427
227 22 1029.90 895.90 27 1052.31 962.40 70.1687
228 243 973.35 912.81 22 1029.90 895.90 59.0242
229 43 116.62 948.49 55 127.36 890.21 59.2575
230 67 187.17 885.61 63 174.90 945.42 61.0560
231 67 187.17 885.61 55 127.36 890.21 59.9873
232 173 711.66 934.69 172 710.13 881.01 53.6981
233 79 265.38 904.02 80 266.92 879.48 24.5855
234 80 266.92 879.48 67 187.17 885.61 79.9831
235 239 961.78 875.78 243 973.35 912.81 38.8021
236 217 875.10 899.04 239 961.78 875.78 89.7430
237 38 1115.05 869.58 41 1140.84 930.78 66.4069
238 22 1029.90 895.90 38 1115.05 869.58 89.1291
239 111 450.66 860.16 112 452.48 904.02 43.8949
240 20 1018.07 857.99 22 1029.90 895.90 39.7141
241 239 961.78 875.78 20 1018.07 857.99 59.0324
242 214 866.56 853.41 217 875.10 899.04 46.4248
243 172 710.13 881.01 214 866.56 853.41 158.8447
244 136 565.97 841.14 138 569.04 907.08 66.0164
245 111 450.66 860.16 136 565.97 841.14 116.8724
246 36 1100.79 833.66 38 1115.05 869.58 38.6489
247 20 1018.07 857.99 36 1100.79 833.66 86.2248
248 55 127.36 890.21 57 141.16 828.87 62.8778
249 73 204.04 827.34 67 187.17 885.61 60.6695
250 57 141.16 828.87 73 204.04 827.34 62.8965
251 80 266.92 879.48 81 280.72 825.80 55.4223
252 73 204.04 827.34 81 280.72 825.80 76.6956
253 236 944.10 820.04 239 961.78 875.78 58.4718
254 172 710.13 881.01 171 700.93 816.60 65.0654
255 171 700.93 816.60 136 565.97 841.14 137.1698
256 17 1001.52 811.28 20 1018.07 857.99 49.5563
257 17 1001.52 811.28 236 944.10 820.04 58.0824
258 36 1100.79 833.66 33 1084.24 796.68 40.5132
259 33 1084.24 796.68 17 1001.52 811.28 83.9994
260 110 447.88 793.60 111 450.66 860.16 66.6204
261 214 866.56 853.41 210 854.29 793.60 61.0560
262 171 700.93 816.60 210 854.29 793.60 155.0762
263 110 447.88 793.60 127 501.56 787.46 54.0256
264 231 930.48 782.08 236 944.10 820.04 40.3258
265 210 854.29 793.60 231 930.48 782.08 77.0545
266 245 986.92 775.27 17 1001.52 811.28 38.8546
267 231 930.48 782.08 245 986.92 775.27 56.8547
268 135 562.90 773.66 136 565.97 841.14 67.5482
269 127 501.56 787.46 135 562.90 773.66 62.8778
270 109 443.28 764.46 110 447.88 793.60 29.4995
271 29 1070.62 759.70 33 1084.24 796.68 39.4112
272 245 986.92 775.27 29 1070.62 759.70 85.1305
273 100 358.93 753.72 109 443.28 764.46 85.0287
274 100 358.93 753.72 95 348.20 904.02 150.6762
275 169 693.02 751.92 171 700.93 816.60 65.1666
276 135 562.90 773.66 169 693.02 751.92 131.9206
277 83 295.68 747.23 100 358.93 753.72 63.5860
278 81 280.72 825.80 83 295.68 747.23 79.9820
279 169 693.02 751.92 185 750.44 743.16 58.0824
280 204 840.94 735.37 210 854.29 793.60 59.7345
281 185 750.44 743.16 204 840.94 735.37 90.8409
282 83 295.68 747.23 75 222.44 733.79 74.4610
283 73 204.04 827.34 75 222.44 733.79 95.3428
284 75 222.44 733.79 60 158.03 726.12 64.8662
285 60 158.03 726.12 57 141.16 828.87 104.1271
286 225 910.04 723.69 231 930.48 782.08 61.8646
287 204 840.94 735.37 225 910.04 723.69 70.0765
288 206 841.92 709.09 204 840.94 735.37 26.2941
289 241 965.51 707.15 245 986.92 775.27 71.4085
290 225 910.04 723.69 241 965.51 707.15 57.8864
291 24 1040.45 683.79 29 1070.62 759.70 81.6842
292 241 965.51 707.15 24 1040.45 683.79 78.4913
293 185 750.44 743.16 184 747.52 682.82 60.4084
294 184 747.52 682.82 170 694.97 677.95 52.7771
295 170 694.97 677.95 169 693.02 751.92 73.9880
296 170 694.97 677.95 139 570.57 669.37 124.6901
297 139 570.57 669.37 135 562.90 773.66 104.6673
298 99 358.93 666.31 100 358.93 753.72 87.4155
299 99 358.93 666.31 107 441.75 666.31 82.8147
300 107 441.75 666.31 109 443.28 764.46 98.1627
301 128 506.16 664.77 139 570.57 669.37 64.5755
302 127 501.56 787.46 128 506.16 664.77 122.8487
303 128 506.16 664.77 107 441.75 666.31 64.4297
304 193 774.77 662.38 206 841.92 709.09 81.8001
305 193 774.77 662.38 184 747.52 682.82 34.0616
306 225 910.04 723.69 222 884.25 650.22 77.8705
307 75 222.44 733.79 64 176.44 640.24 155.8899
308 64 176.44 640.24 60 158.03 726.12 87.8315
309 233 938.75 633.67 241 965.51 707.15 78.1981
310 222 884.25 650.22 233 938.75 633.67 56.9545
311 206 841.92 709.09 199 815.64 631.24 82.1698
312 199 815.64 631.24 193 774.77 662.38 51.3859
313 92 339.27 628.08 83 295.68 747.23 129.0492
314 98 355.87 627.97 99 358.93 666.31 38.4626
315 98 355.87 627.97 92 339.27 628.08 16.5965
316 174 712.48 605.94 193 774.77 662.38 84.0557
317 174 712.48 605.94 170 694.97 677.95 74.6614
318 64 176.44 640.24 66 184.32 605.64 35.4842
319 18 1005.90 605.45 24 1040.45 683.79 85.6214
320 233 938.75 633.67 18 1005.90 605.45 72.8399
321 213 862.84 587.93 222 884.25 650.22 65.8613
322 199 815.64 631.24 192 769.90 585.50 64.6861
323 192 769.90 585.50 174 712.48 605.94 60.9469
324 82 289.87 581.59 92 339.27 628.08 67.8421
325 66 184.32 605.64 82 289.87 581.59 109.2600
326 199 815.64 631.24 196 797.15 577.71 56.6293
327 196 797.15 577.71 192 769.90 585.50 28.3397
328 233 938.75 633.67 228 916.37 566.52 70.7825
329 228 916.37 566.52 213 862.84 587.93 57.6487
330 97 354.33 565.09 98 355.87 627.97 62.8964
331 208 851.16 554.84 213 862.84 587.93 35.0888
332 208 851.16 554.84 196 797.15 577.71 58.6543
333 107 441.75 666.31 106 432.55 552.82 113.8592
334 97 354.33 565.09 106 432.55 552.82 83.9493
335 174 712.48 605.94 175 714.43 550.46 55.7919
336 244 981.57 541.22 18 1005.90 605.45 68.6841
337 228 916.37 566.52 244 981.57 541.22 69.9412
338 187 756.28 539.76 192 769.90 585.50 47.7260
339 175 714.43 550.46 187 756.28 539.76 43.1947
340 228 916.37 566.52 224 902.74 531.49 37.5908
341 224 902.74 531.49 208 851.16 554.84 56.6210
342 150 617.11 525.16 174 712.48 605.94 124.9821
343 139 570.57 669.37 150 617.11 525.16 154.3208
344 66 184.32 605.64 72 204.04 519.08 88.7757
345 242 966.97 506.18 244 981.57 541.22 37.9544
346 242 966.97 506.18 224 902.74 531.49 69.0348
347 152 627.82 501.81 150 617.11 525.16 25.6930
348 150 617.11 525.16 129 532.23 500.68 88.3403
349 129 532.23 500.68 128 506.16 664.77 166.2373
350 117 463.22 488.41 129 532.23 500.68 70.0943
351 117 463.22 488.41 106 432.55 552.82 71.3415
352 208 851.16 554.84 202 830.73 484.77 72.9893
353 104 429.48 479.21 117 463.22 488.41 34.9716
354 106 432.55 552.82 104 429.48 479.21 73.6769
355 181 731.46 477.96 187 756.28 539.76 67.5226
356 175 714.43 550.46 156 648.74 466.28 112.2032
357 156 648.74 466.28 152 627.82 501.81 41.2258
358 224 902.74 531.49 219 879.39 466.28 69.2608
359 202 830.73 484.77 219 879.39 466.28 52.0543
360 129 532.23 500.68 152 627.82 501.81 139.0450
361 196 797.15 577.71 189 759.68 450.71 132.4465
362 189 759.68 450.71 181 731.46 477.96 39.2305
363 235 940.70 442.93 242 966.97 506.18 68.4976
364 219 879.39 466.28 235 940.70 442.93 65.6092
365 156 648.74 466.28 161 664.31 437.09 33.0885
366 126 500.03 427.06 117 463.22 488.41 71.5390
367 164 674.04 421.52 181 731.46 477.96 80.7557
368 161 664.31 437.09 164 674.04 421.52 18.3621
369 197 805.42 419.57 202 830.73 484.77 69.9412
370 189 759.68 450.71 197 805.42 419.57 60.9964
371 219 879.39 466.28 211 857.98 400.11 69.5542
372 211 857.98 400.11 197 805.42 419.57 56.0409
373 108 443.28 399.46 126 500.03 427.06 63.1018
374 104 429.48 479.21 108 443.28 399.46 80.9587
375 189 759.68 450.71 168 686.21 385.02 99.0811
376 168 686.21 385.02 164 674.04 421.52 38.4687
377 108 443.28 399.46 101 374.27 384.12 70.6957
378 101 374.27 384.12 97 354.33 565.09 188.3711
379 161 664.31 437.09 130 539.74 382.59 135.9683
380 130 539.74 382.59 126 500.03 427.06 59.6274
381 227 914.42 379.67 235 940.70 442.93 68.7206
382 211 857.98 400.11 227 914.42 379.67 60.0309
383 72 204.04 519.08 85 309.86 358.05 244.3180
384 137 568.45 340.26 168 686.21 385.02 126.4415
385 137 568.45 340.26 130 539.74 382.59 51.1504
386 197 805.42 419.57 177 721.24 335.39 119.0499
387 168 686.21 385.02 177 721.24 335.39 60.7523
388 72 204.04 519.08 85 309.86 358.05 265.3769
389 168 686.21 385.02 154 633.66 322.74 81.4927
390 137 568.45 340.26 122 477.94 296.46 100.5452
391 122 477.94 296.46 108 443.28 399.46 108.6736
392 154 633.66 322.74 148 601.54 294.52 42.7540
393 148 601.54 294.52 137 568.45 340.26 56.4534
394 177 721.24 335.39 165 675.95 283.04 69.2190
395 154 633.66 322.74 165 675.95 283.04 58.0075
396 165 675.95 283.04 155 645.33 249.75 45.2335
397 155 645.33 249.75 148 601.54 294.52 62.6254
398 124 495.46 247.80 148 601.54 294.52 115.9077
399 122 477.94 296.46 124 495.46 247.80 51.7166
400 198 810.78 233.20 227 914.42 379.67 181.0906
401 177 721.24 335.39 198 810.78 233.20 135.8603
402 160 659.93 232.23 155 645.33 249.75 22.8026
403 124 495.46 247.80 134 559.69 196.22 84.3537
404 146 599.59 191.36 160 659.93 232.23 72.8789
405 134 559.69 196.22 146 599.59 191.36 40.1964
406 178 722.70 133.45 198 810.78 233.20 133.0693
407 160 659.93 232.23 178 722.70 133.45 117.0360
408 178 722.70 133.45 146 599.59 191.36 136.0466
409 134 559.69 196.22 178 722.70 133.45 236.0862
410 82 289.87 581.59 50 1232.71 1113.42 1897.8554
411 85 309.86 358.05 101 374.27 384.12 69.4877
412 35 1091.80 1365.49 30 1076.08 1469.29 105.1905
413 53 1244.33 1325.39 50 1232.71 1113.42 241.6157
414 50 1232.71 1113.42 58 1412.58 1460.43 391.8696
415 194 775.47 1463.28 13 828.14 1560.05 110.1761
416 216 874.64 1444.00 15 906.73 1561.16 128.4915
417 207 845.85 1488.10 53 1244.33 1325.39 431.5325
418 207 845.85 1488.10 7 1559.25 1265.06 747.4914
419 183 747.33 1540.13 207 845.85 1488.10 111.4073
