1 154 21.52 1549.38 46 35.20 1561.53 18.2922
2 154 21.52 1549.38 49 4.81 1560.01 19.8064
3 196 420.35 1536.43 50 421.04 1560.01 23.5879
4 152 203.81 1534.19 42 232.68 1561.53 44.6805
5 152 203.81 1534.19 41 187.10 1561.53 32.0451
6 179 400.62 1528.22 196 420.35 1536.43 21.3697
7 77 1031.85 1521.64 10 1033.50 1561.09 39.4861
8 154 21.52 1549.38 8 0.26 1514.44 40.9025
9 152 203.81 1534.19 154 21.52 1549.38 209.4368
10 82 1064.73 1503.56 19 1166.65 1559.45 116.2361
11 77 1031.85 1521.64 82 1064.73 1503.56 37.5210
12 63 1002.26 1501.91 77 1031.85 1521.64 35.5615
13 63 1002.26 1501.91 60 905.28 1561.09 113.6145
14 173 341.44 1495.34 179 400.62 1528.22 67.6970
15 179 400.62 1528.22 173 341.44 1495.34 121.7381
16 82 1064.73 1503.56 84 1069.66 1473.97 29.9971
17 84 1069.66 1473.97 97 1133.77 1473.97 64.1093
18 113 1250.48 1472.33 27 1439.52 1561.09 270.1967
19 97 1133.77 1473.97 113 1250.48 1472.33 116.7232
20 113 1250.48 1472.33 118 1304.73 1467.39 54.4700
21 118 1304.73 1467.39 125 1383.63 1465.75 78.9208
22 125 1383.63 1465.75 38 1559.52 1465.75 175.8895
23 251 994.04 1460.82 63 1002.26 1501.91 41.9094
24 84 1069.66 1473.97 76 1031.85 1447.67 46.0564
25 76 1031.85 1447.67 251 994.04 1460.82 40.0298
26 160 246.68 1445.20 173 341.44 1495.34 107.2120
27 160 246.68 1445.20 152 203.81 1534.19 98.7712
28 205 589.66 1437.81 54 660.35 1559.45 140.6889
29 196 420.35 1536.43 205 589.66 1437.81 195.9466
30 97 1133.77 1473.97 96 1133.77 1414.79 59.1777
31 118 1304.73 1467.39 117 1301.44 1409.86 57.6278
32 125 1383.63 1465.75 127 1385.27 1404.93 60.8437
33 127 1385.27 1404.93 29 1498.70 1436.16 148.1170
34 251 994.04 1460.82 241 857.61 1390.13 153.6604
35 241 857.61 1390.13 57 800.07 1561.09 205.2392
36 96 1133.77 1414.79 18 1151.85 1378.63 72.6535
37 96 1133.77 1414.79 15 1112.40 1375.34 72.4361
38 117 1301.44 1409.86 21 1276.78 1373.70 73.1253
39 117 1301.44 1409.86 22 1314.59 1373.70 88.8926
40 247 92.57 1363.01 160 246.68 1445.20 174.6566
41 6 0.10 1410.27 247 92.57 1363.01 106.2734
42 232 755.69 1327.67 241 857.61 1390.13 119.5369
43 205 589.66 1437.81 232 755.69 1327.67 199.2356
44 127 1385.27 1404.93 25 1363.90 1298.08 129.9254
45 205 589.66 1437.81 198 450.92 1209.64 267.0335
46 198 450.92 1209.64 178 387.47 1209.31 67.8429
47 160 246.68 1445.20 178 387.47 1209.31 274.7118
48 247 92.57 1363.01 246 90.51 1165.75 197.2700
49 246 90.51 1165.75 0 -0.47 1169.86 91.0786
50 178 387.47 1209.31 174 358.87 1159.67 58.6542
51 174 358.87 1159.67 246 90.51 1165.75 268.4237
52 199 475.91 1154.41 198 450.92 1209.64 63.1681
53 232 755.69 1327.67 230 748.13 1146.52 181.3075
54 199 475.91 1154.41 230 748.13 1146.52 272.3321
55 75 1028.56 1140.27 76 1031.85 1447.67 307.4132
56 230 748.13 1146.52 75 1028.56 1140.27 280.5064
57 75 1028.56 1140.27 37 1559.52 1127.12 531.1190
58 174 358.87 1159.67 177 381.22 1107.07 59.3979
59 197 450.92 1105.75 199 475.91 1154.41 58.8651
60 177 381.22 1107.07 197 450.92 1105.75 74.0459
61 246 90.51 1165.75 245 88.46 968.49 197.2699
62 230 748.13 1146.52 227 740.24 953.21 193.4750
63 245 88.46 968.49 167 32.98 939.73 62.4938
64 245 88.46 968.49 130 141.88 935.62 62.7298
65 167 32.98 939.73 7 0.10 923.29 36.7571
66 240 84.35 910.96 130 141.88 935.62 65.8819
67 245 88.46 968.49 240 84.35 910.96 57.6805
68 240 84.35 910.96 167 32.98 939.73 61.9787
69 204 583.74 872.99 227 740.24 953.21 175.8547
70 197 450.92 1105.75 204 583.74 872.99 267.9953
71 161 246.68 869.86 177 381.22 1107.07 272.7065
72 130 141.88 935.62 161 246.68 869.86 123.7144
73 228 741.55 863.78 227 740.24 953.21 89.4339
74 94 1125.55 846.03 16 1142.32 883.51 66.6404
75 94 1125.55 846.03 14 1109.44 882.19 65.0719
76 161 246.68 869.86 157 217.91 826.71 51.8604
77 157 217.91 826.71 30 150.10 863.70 77.2391
78 75 1028.56 1140.27 72 1024.95 824.33 315.9643
79 72 1024.95 824.33 250 993.39 803.29 40.1412
80 227 740.24 953.21 250 993.39 803.29 294.2103
81 228 741.55 863.78 210 627.14 795.40 134.1280
82 210 627.14 795.40 204 583.74 872.99 88.9005
83 81 1057.82 787.51 72 1024.95 824.33 53.1870
84 81 1057.82 787.51 91 1107.47 786.85 49.6479
85 95 1127.19 786.85 94 1125.55 846.03 59.2006
86 91 1107.47 786.85 95 1127.19 786.85 19.7260
87 95 1127.19 786.85 100 1163.36 786.85 36.1642
88 100 1163.36 786.85 108 1229.11 783.56 65.8352
89 108 1229.11 783.56 123 1347.47 783.56 355.1403
90 108 1229.11 783.56 123 1347.47 783.56 118.3556
91 123 1347.47 783.56 133 1413.22 780.27 65.8352
92 133 1413.22 780.27 32 1556.23 778.63 143.0224
93 175 36.02 778.30 4 -0.80 859.84 89.4629
94 190 414.10 771.73 204 583.74 872.99 197.5659
95 161 246.68 869.86 190 414.10 771.73 194.0656
96 80 1055.19 766.47 81 1057.82 787.51 21.2047
97 71 1024.95 755.95 80 1055.19 766.47 32.0238
98 250 993.39 803.29 71 1024.95 755.95 62.3992
99 175 36.02 778.30 3 -0.80 748.06 47.6517
100 133 1413.22 780.27 132 1411.90 746.74 33.5598
101 132 1411.90 746.74 33 1557.88 744.11 145.9955
102 224 724.46 738.85 221 711.31 752.00 18.5978
103 91 1107.47 786.85 90 1101.22 738.85 49.1807
104 80 1055.19 766.47 90 1101.22 738.85 53.6765
105 214 669.22 728.33 221 711.31 752.00 48.2826
106 210 627.14 795.40 214 669.22 728.33 79.1772
107 157 217.91 826.71 139 147.80 721.75 126.2202
108 139 147.80 721.75 175 36.02 778.30 125.2695
109 64 1022.32 705.97 71 1024.95 755.95 50.0415
110 64 1022.32 705.97 228 741.55 863.78 322.1648
111 100 1163.36 786.85 98 1157.77 705.97 81.0692
112 90 1101.22 738.85 98 1157.77 705.97 65.4102
113 132 1411.90 746.74 129 1409.27 705.97 40.8517
114 124 1349.20 698.69 108 1229.11 783.56 194.7473
115 126 1384.14 698.69 129 1409.27 705.97 26.1677
116 126 1384.14 698.69 124 1349.20 698.69 34.9388
117 237 805.99 679.67 224 724.46 738.85 118.8895
118 139 147.80 721.75 164 267.47 658.63 139.1097
119 183 409.50 658.63 190 414.10 771.73 113.1890
120 164 267.47 658.63 183 409.50 658.63 142.0267
121 233 766.54 656.00 237 805.99 679.67 46.0084
122 224 724.46 738.85 233 766.54 656.00 102.5087
123 139 147.80 721.75 87 109.66 654.69 77.1528
124 183 409.50 658.63 202 554.81 654.69 145.3678
125 207 615.31 649.43 210 627.14 795.40 224.2758
126 98 1157.77 705.97 112 1244.56 644.17 106.5524
127 164 267.47 658.63 163 260.90 638.91 20.7929
128 163 260.90 638.91 139 147.80 721.75 146.5469
129 163 260.90 638.91 169 330.59 636.28 69.7478
130 181 408.18 636.28 183 409.50 658.63 22.3947
131 169 330.59 636.28 181 408.18 636.28 77.5887
132 223 721.83 629.70 233 766.54 656.00 51.8741
133 214 669.22 728.33 223 721.83 629.70 111.7802
134 180 408.13 622.74 181 408.18 636.28 13.5381
135 207 615.31 649.43 203 567.96 624.44 53.5312
136 202 554.81 654.69 203 567.96 624.44 32.9816
137 180 408.13 622.74 203 567.96 624.44 159.8405
138 87 109.66 654.69 244 87.31 616.55 44.2064
139 124 1349.20 698.69 116 1298.48 616.55 102.5401
140 112 1244.56 644.17 116 1298.48 616.55 60.5785
141 129 1409.27 705.97 136 1450.04 608.66 119.6050
142 136 1450.04 608.66 31 1509.22 608.66 59.1777
143 67 1023.63 599.45 64 1022.32 705.97 106.5281
144 136 1450.04 608.66 135 1443.47 590.25 19.5498
145 213 656.07 588.93 223 721.83 629.70 77.3654
146 213 656.07 588.93 207 615.31 649.43 72.9474
147 122 1343.19 587.62 126 1384.14 698.69 134.8255
148 116 1298.48 616.55 122 1343.19 587.62 53.2560
149 244 87.31 616.55 217 68.90 584.99 36.5388
150 217 68.90 584.99 2 -0.80 615.23 76.2914
151 163 260.90 638.91 162 247.75 578.41 61.9058
152 162 247.75 578.41 87 109.66 654.69 157.7471
153 170 333.23 578.41 169 330.59 636.28 57.9225
154 162 247.75 578.41 170 333.23 578.41 85.4790
155 66 1023.63 578.41 67 1023.63 599.45 21.0410
156 182 409.50 574.47 180 408.13 622.74 48.2893
157 170 333.23 578.41 182 409.50 574.47 76.3756
158 233 766.54 656.00 237 805.99 679.67 262.4995
159 184 409.84 559.91 182 409.50 574.47 14.5600
160 203 567.96 624.44 206 594.26 560.00 69.5989
161 184 409.84 559.91 206 594.26 560.00 184.4268
162 135 1443.47 590.25 144 1507.90 553.43 74.2165
163 131 1410.26 542.91 135 1443.47 590.25 57.8263
164 122 1343.19 587.62 131 1410.26 542.91 80.6059
165 185 412.13 536.33 184 409.84 559.91 23.6918
166 145 1521.05 535.02 144 1507.90 553.43 121.6546
167 144 1507.90 553.43 145 1521.05 535.02 22.6252
168 159 235.91 528.44 185 412.13 536.33 176.3973
169 159 235.91 528.44 162 247.75 578.41 51.3548
170 244 87.31 616.55 159 235.91 528.44 174.0842
171 217 68.90 584.99 166 30.76 520.55 74.8777
172 112 1244.56 644.17 102 1170.92 520.55 143.8896
173 102 1170.92 520.55 67 1023.63 599.45 185.8862
174 223 721.83 629.70 236 795.47 506.08 143.8896
175 166 30.76 520.55 155 21.56 499.51 22.9666
176 155 21.56 499.51 5 -2.12 519.23 30.8907
177 194 416.73 496.88 52 573.22 500.82 156.5421
178 194 416.73 496.88 185 412.13 536.33 39.7194
179 159 235.91 528.44 158 225.39 495.56 34.5188
180 158 225.39 495.56 217 68.90 584.99 180.2547
181 70 1024.95 492.93 66 1023.63 578.41 154.6040
182 70 1024.95 492.93 66 1023.63 578.41 85.4891
183 145 1521.05 535.02 142 1494.75 491.62 50.7450
184 131 1410.26 542.91 142 1494.75 491.62 98.8403
185 158 225.39 495.56 156 216.18 465.32 31.6162
186 188 413.44 465.32 194 416.73 496.88 31.7322
187 156 216.18 465.32 188 413.44 465.32 197.2786
188 222 720.51 465.32 236 795.47 506.08 85.3272
189 222 720.51 465.32 213 656.07 588.93 140.1855
190 155 21.56 499.51 62 -0.80 461.37 44.2064
191 147 1543.41 461.37 40 1560.51 479.78 25.1241
192 142 1494.75 491.62 147 1543.41 461.37 57.2921
193 142 1494.75 491.62 140 1473.71 454.80 42.4095
194 65 1023.63 448.22 70 1024.95 492.93 44.7314
195 221 711.31 752.00 65 1023.63 448.22 514.5547
196 102 1170.92 520.55 106 1211.69 444.28 86.4847
197 206 594.26 560.00 211 640.29 442.96 125.7656
198 208 620.57 437.70 211 640.29 442.96 20.4152
199 156 216.18 465.32 153 204.35 428.50 38.6771
200 166 30.76 520.55 153 204.35 428.50 196.4870
201 191 415.42 428.50 208 620.57 437.70 205.3561
202 191 415.42 428.50 188 413.44 465.32 36.8745
203 115 1252.45 428.50 131 1410.26 542.91 219.6298
204 106 1211.69 444.28 115 1252.45 428.50 47.7089
205 65 1023.63 448.22 12 1080.18 425.87 88.3862
206 212 649.50 423.24 222 720.51 465.32 82.5456
207 211 640.29 442.96 212 649.50 423.24 21.7681
208 141 1475.03 411.40 140 1473.71 454.80 43.4170
209 140 1473.71 454.80 141 1475.03 411.40 110.7191
210 110 1235.36 406.14 115 1252.45 428.50 28.1436
211 110 1235.36 406.14 105 1206.43 403.51 29.0507
212 105 1206.43 403.51 106 1211.69 444.28 46.0580
213 153 204.35 428.50 151 197.77 402.19 27.1107
214 193 416.73 399.56 191 415.42 428.50 28.9612
215 193 416.73 399.56 47 375.96 402.19 40.8517
216 200 519.31 390.36 208 620.57 437.70 135.3089
217 236 795.47 506.08 243 865.83 390.36 135.4338
218 151 197.77 402.19 44 334.54 386.41 148.6931
219 192 416.73 383.78 200 519.31 390.36 102.8165
220 192 416.73 383.78 193 416.73 399.56 15.7807
221 147 1543.41 461.37 148 1548.34 373.26 90.2767
222 148 1548.34 373.26 39 1560.51 354.85 22.0665
223 143 1504.94 348.28 148 1548.34 373.26 50.0760
224 141 1475.03 411.40 143 1504.94 348.28 69.8540
225 235 792.18 345.65 243 865.83 390.36 86.1541
226 222 720.51 465.32 235 792.18 345.65 139.4911
227 151 197.77 402.19 150 180.68 341.70 62.8621
228 150 180.68 341.70 62 -0.80 461.37 223.5810
229 150 180.68 341.70 172 339.80 337.76 159.1714
230 187 413.44 337.76 192 416.73 383.78 46.1444
231 172 339.80 337.76 187 413.44 337.76 73.6434
232 212 649.50 423.24 216 679.74 332.50 95.6476
233 105 1206.43 403.51 101 1164.34 332.50 82.5456
234 201 548.24 325.92 216 679.74 332.50 131.6704
235 200 519.31 390.36 201 548.24 325.92 70.6348
236 201 548.24 325.92 189 413.76 323.86 134.4978
237 189 413.76 323.86 187 413.44 337.76 13.9012
238 189 413.76 323.86 48 389.14 323.48 24.6167
239 235 792.18 345.65 229 744.84 316.72 55.4825
240 172 339.80 337.76 171 338.49 300.93 36.8452
241 74 1027.58 296.99 65 1023.63 448.22 151.2835
242 74 1027.58 296.99 101 1164.34 332.50 159.1053
243 128 1395.79 290.41 143 1504.94 348.28 123.5388
244 128 1395.79 290.41 24 1343.19 386.41 109.4665
245 229 744.84 316.72 218 698.81 286.47 55.0758
246 218 698.81 286.47 216 679.74 332.50 49.8207
247 146 1539.14 283.84 143 1504.94 348.28 72.9474
248 150 180.68 341.70 111 124.13 270.69 90.7774
249 111 124.13 270.69 9 0.51 350.91 147.3632
250 73 1026.72 269.56 74 1027.58 296.99 27.4385
251 146 1539.14 283.84 36 1558.86 268.06 25.2615
252 243 865.83 390.36 248 939.47 264.11 146.1553
253 120 1322.15 250.96 128 1395.79 290.41 83.5452
254 120 1322.15 250.96 110 1235.36 406.14 177.8010
255 218 698.81 286.47 220 705.39 244.39 42.5926
256 79 1055.19 241.76 73 1026.72 269.56 56.0902
257 128 1395.79 290.41 26 1433.93 237.81 72.1488
258 35 1558.86 232.55 146 1539.14 283.84 66.2956
259 242 864.51 220.72 248 939.47 264.11 86.6145
260 235 792.18 345.65 242 864.51 220.72 144.3576
261 114 1252.45 215.46 120 1322.15 250.96 78.2213
262 101 1164.34 332.50 114 1252.45 215.46 149.3051
263 69 1024.95 212.83 73 1026.72 269.56 56.7665
264 111 124.13 270.69 219 70.21 207.57 83.0157
265 1 -0.80 260.17 219 70.21 207.57 88.3737
266 79 1055.19 241.76 78 1051.25 207.57 34.4185
267 78 1051.25 207.57 69 1024.95 212.83 26.8220
268 248 939.47 264.11 249 973.66 200.99 71.7884
269 238 809.28 191.78 242 864.51 220.72 62.3511
270 229 744.84 316.72 238 809.28 191.78 140.5702
271 220 705.39 244.39 226 735.72 186.25 65.5751
272 88 1090.70 177.32 79 1055.19 241.76 144.4540
273 88 1090.70 177.32 78 1051.25 207.57 49.7122
274 114 1252.45 215.46 104 1184.07 173.37 80.2942
275 231 750.10 157.59 238 809.28 191.78 68.3452
276 226 735.72 186.25 231 750.10 157.59 32.0615
277 104 1184.07 173.37 92 1113.06 136.55 79.9922
278 92 1113.06 136.55 88 1090.70 177.32 46.4944
279 119 1312.95 135.24 23 1331.36 148.39 22.6252
280 114 1252.45 215.46 119 1312.95 135.24 103.1024
281 137 1451.03 135.24 34 1558.86 214.14 153.5107
282 195 418.00 134.46 189 413.76 323.86 189.4421
283 171 338.49 300.93 149 166.21 133.92 249.6060
284 219 70.21 207.57 149 166.21 133.92 120.9928
285 220 705.39 244.39 195 418.00 134.46 311.9628
286 239 819.80 128.66 249 973.66 200.99 170.0146
287 92 1113.06 136.55 85 1074.92 116.83 42.9362
288 85 1074.92 116.83 68 1024.95 115.51 49.9896
289 68 1024.95 115.51 69 1024.95 212.83 97.3146
290 249 973.66 200.99 68 1024.95 115.51 99.6848
291 234 772.46 110.25 239 819.80 128.66 50.7961
292 231 750.10 157.59 234 772.46 110.25 52.3553
293 104 1184.07 173.37 107 1211.69 99.73 78.6512
294 109 1232.73 94.47 107 1211.69 99.73 21.6886
295 186 413.19 93.79 195 418.00 134.46 40.9741
296 119 1312.95 135.24 121 1335.30 93.15 47.6517
297 109 1232.73 94.47 121 1335.30 93.15 102.5833
298 226 735.72 186.25 186 413.19 93.79 339.9252
299 225 726.43 91.84 234 772.46 110.25 49.5728
300 134 1426.04 87.89 137 1451.03 135.24 53.5312
301 121 1335.30 93.15 134 1426.04 87.89 90.8916
302 215 679.09 72.11 225 726.43 91.84 51.2874
303 85 1074.92 116.83 89 1094.65 60.28 60.1682
304 209 626.48 49.76 215 679.09 72.11 57.1560
305 89 1094.65 60.28 83 1068.34 45.81 30.0169
306 83 1068.34 45.81 68 1024.95 115.51 82.1045
307 239 819.80 128.66 59 865.83 44.50 95.9274
308 92 1113.06 136.55 93 1120.95 44.50 94.9947
309 89 1094.65 60.28 93 1120.95 44.50 30.6722
310 149 166.21 133.92 165 279.31 43.18 144.9971
311 176 366.76 36.61 186 413.19 93.79 78.0533
312 171 338.49 300.93 176 366.76 36.61 266.0918
313 138 1458.92 36.61 137 1451.03 135.24 130.9715
314 134 1426.04 87.89 138 1458.92 36.61 60.9201
315 234 772.46 110.25 58 814.54 30.03 90.5866
316 225 726.43 91.84 56 757.99 27.40 71.7522
317 107 1211.69 99.73 99 1161.71 22.14 93.4893
318 93 1120.95 44.50 99 1161.71 22.14 46.4945
319 83 1068.34 45.81 86 1085.44 20.83 30.2750
320 168 325.99 10.31 176 366.76 36.61 48.5149
321 165 279.31 43.18 168 325.99 10.31 57.0993
322 103 1184.07 10.31 109 1232.73 94.47 97.2167
323 99 1161.71 22.14 103 1184.07 10.31 25.2957
324 215 679.09 72.11 55 706.70 6.36 71.3171
325 83 1068.34 45.81 61 996.02 5.05 86.5085
326 86 1085.44 20.83 11 1063.08 5.05 27.3647
327 99 1161.71 22.14 17 1145.93 5.05 24.3696
328 51 512.07 3.73 209 626.48 49.76 123.3217
329 209 626.48 49.76 53 647.52 3.73 50.6085
330 86 1085.44 20.83 13 1099.91 3.73 22.3947
331 165 279.31 43.18 43 254.98 2.42 47.4745
332 103 1184.07 10.31 20 1201.17 2.42 18.8287
333 138 1458.92 36.61 28 1476.01 2.42 38.2274
334 168 325.99 10.31 45 337.83 -0.21 15.8355
