1 310 223.69 1553.15 59 211.71 1560.85 14.2375
2 82 1.27 1538.61 272 17.52 1559.99 26.8615
3 219 140.71 1537.75 35 150.12 1560.85 24.9403
4 219 140.71 1537.75 25 111.62 1560.85 37.1406
5 430 452.09 1536.04 66 470.05 1559.99 29.9406
6 221 1402.13 1528.99 225 1422.37 1554.29 32.3993
7 345 29.50 1512.94 82 1.27 1538.61 38.1514
8 298 20.09 1499.26 345 29.50 1512.94 16.6098
9 298 20.09 1499.26 20 1.27 1512.94 23.2707
10 212 1376.83 1496.10 221 1402.13 1528.99 41.4943
11 295 196.31 1494.98 310 223.69 1553.15 64.2895
12 430 452.09 1536.04 410 414.45 1488.99 60.2528
13 410 414.45 1488.99 63 326.34 1559.99 113.1585
14 151 117.61 1487.28 219 140.71 1537.75 55.5053
15 272 17.52 1559.99 151 117.61 1487.28 123.7119
16 212 1376.83 1496.10 207 1354.06 1468.27 35.9575
17 94 103.46 1456.89 151 117.61 1487.28 33.5244
18 345 29.50 1512.94 94 103.46 1456.89 92.8050
19 225 1422.37 1554.29 40 1557.72 1450.56 170.5286
20 275 173.21 1443.65 295 196.31 1494.98 56.2842
21 275 173.21 1443.65 151 117.61 1487.28 70.6766
22 388 373.39 1441.94 410 414.45 1488.99 62.4476
23 310 223.69 1553.15 388 373.39 1441.94 186.4893
24 675 94.51 1437.66 94 103.46 1456.89 21.2041
25 675 94.51 1437.66 298 20.09 1499.26 96.6049
26 496 566.72 1434.24 430 452.09 1536.04 153.3064
27 201 1321.17 1427.79 207 1354.06 1468.27 52.1565
28 201 1321.17 1427.79 27 1159.25 1555.55 206.2537
29 403 407.61 1412.00 388 373.39 1441.94 45.4676
30 221 1402.13 1528.99 262 1555.19 1411.35 193.0494
31 201 1321.17 1427.79 200 1309.78 1410.08 21.0534
32 482 537.63 1396.60 496 566.72 1434.24 47.5679
33 410 414.45 1488.99 482 537.63 1396.60 153.9804
34 417 43.19 1395.75 16 0.41 1428.25 53.7231
35 254 153.54 1391.47 275 173.21 1443.65 55.7683
36 254 153.54 1391.47 675 94.51 1437.66 74.9529
37 192 1284.48 1382.25 200 1309.78 1410.08 37.6105
38 262 1555.19 1411.35 255 1531.16 1379.72 39.7212
39 255 1531.16 1379.72 212 1376.83 1496.10 193.2896
40 417 43.19 1395.75 560 70.56 1376.07 33.7116
41 403 407.61 1412.00 382 367.40 1361.53 64.5281
42 295 196.31 1494.98 382 367.40 1361.53 216.9802
43 185 1262.98 1356.95 192 1284.48 1382.25 33.2043
44 250 1512.18 1354.42 255 1531.16 1379.72 31.6245
45 207 1354.06 1468.27 250 1512.18 1354.42 194.8438
46 611 8.97 1347.84 417 43.19 1395.75 58.8707
47 611 8.97 1347.84 15 0.41 1353.83 10.4420
48 482 537.63 1396.60 460 496.57 1342.71 67.7533
49 460 496.57 1342.71 403 407.61 1412.00 112.7665
50 537 648.84 1338.43 71 669.37 1368.37 36.3035
51 496 566.72 1434.24 537 648.84 1338.43 159.5100
52 80 0.41 1333.30 611 8.97 1347.84 16.8721
53 174 123.17 1332.02 254 153.54 1391.47 66.7605
54 560 70.56 1376.07 174 123.17 1332.02 68.6200
55 250 1512.18 1354.42 243 1491.94 1330.39 31.4215
56 243 1491.94 1330.39 201 1321.17 1427.79 196.5976
57 177 1239.53 1326.03 185 1262.98 1356.95 38.8103
58 416 43.19 1323.03 560 70.56 1376.07 59.6854
59 611 8.97 1347.84 416 43.19 1323.03 42.2646
60 382 367.40 1361.53 363 334.04 1318.76 54.2450
61 363 334.04 1318.76 275 173.21 1443.65 203.6251
62 416 43.19 1323.03 386 37.20 1304.21 19.7495
63 386 37.20 1304.21 80 0.41 1333.30 46.8938
64 170 1217.29 1297.80 177 1239.53 1326.03 35.9389
65 237 1465.38 1296.23 243 1491.94 1330.39 43.2689
66 200 1309.78 1410.08 237 1465.38 1296.23 192.7964
67 243 1491.94 1330.39 39 1557.72 1294.97 74.7088
68 439 459.79 1292.24 460 496.57 1342.71 62.4535
69 382 367.40 1361.53 439 459.79 1292.24 115.4854
70 349 302.39 1277.69 363 334.04 1318.76 51.8446
71 254 153.54 1391.47 349 302.39 1277.69 187.3507
72 386 37.20 1304.21 305 21.80 1273.42 34.4311
73 305 21.80 1273.42 14 0.41 1287.10 25.3911
74 508 586.82 1272.99 460 496.57 1342.71 114.0427
75 237 1465.38 1296.23 232 1438.81 1265.87 40.3407
76 232 1438.81 1265.87 192 1284.48 1382.25 193.2896
77 385 37.20 1260.59 386 37.20 1304.21 52.4621
78 305 21.80 1273.42 385 37.20 1260.59 20.0437
79 414 426.00 1248.18 439 459.79 1292.24 55.5216
80 363 334.04 1318.76 414 426.00 1248.18 115.9201
81 537 648.84 1338.43 526 624.04 1247.75 116.7165
82 508 586.82 1272.99 526 624.04 1247.75 44.9618
83 223 1417.31 1239.31 232 1438.81 1265.87 34.1779
84 185 1262.98 1356.95 223 1417.31 1239.31 194.0539
85 120 1103.09 1236.63 119 1101.69 1388.81 152.1811
86 349 302.39 1277.69 332 261.75 1227.65 64.4629
87 332 261.75 1227.65 174 123.17 1332.02 173.4849
88 237 1465.38 1296.23 41 1558.62 1225.95 116.7682
89 577 73.56 1223.37 174 123.17 1332.02 119.4352
90 577 73.56 1223.37 385 37.20 1260.59 52.0242
91 577 73.56 1223.37 1 -0.05 1250.70 78.5109
92 489 550.89 1223.37 508 586.82 1272.99 61.2585
93 439 459.79 1292.24 489 550.89 1223.37 114.2029
94 414 426.00 1248.18 394 394.35 1207.98 51.1698
95 394 394.35 1207.98 349 302.39 1277.69 115.4013
96 223 1417.31 1239.31 216 1393.51 1206.26 40.7212
97 216 1393.51 1206.26 177 1239.53 1326.03 195.0718
98 190 128.30 1187.44 577 73.56 1223.37 65.4850
99 489 550.89 1223.37 471 514.11 1181.46 55.7683
100 471 514.11 1181.46 414 426.00 1248.18 110.5249
101 332 261.75 1227.65 312 224.11 1179.75 60.9232
102 122 1104.80 1177.61 120 1103.09 1236.63 59.0505
103 211 1368.70 1175.47 216 1393.51 1206.26 39.5453
104 170 1217.29 1297.80 211 1368.70 1175.47 194.6550
105 232 1438.81 1265.87 56 1560.25 1174.79 151.7976
106 394 394.35 1207.98 377 353.29 1159.22 63.7466
107 377 353.29 1159.22 332 261.75 1227.65 114.2878
108 526 624.04 1247.75 588 748.93 1146.81 160.5872
109 453 481.60 1142.96 471 514.11 1181.46 50.3843
110 453 481.60 1142.96 394 394.35 1207.98 108.8134
111 112 108.63 1139.54 190 128.30 1187.44 51.7881
112 291 190.75 1137.83 312 224.11 1179.75 53.5731
113 291 190.75 1137.83 190 128.30 1187.44 79.7587
114 223 1417.31 1239.31 38 1557.72 1131.79 176.8530
115 353 313.94 1107.03 377 353.29 1159.22 65.3564
116 312 224.11 1179.75 353 313.94 1107.03 115.5645
117 112 108.63 1139.54 674 94.09 1106.18 36.3942
118 120 1103.09 1236.63 167 1207.45 1100.62 206.7284
119 167 1207.45 1100.62 122 1104.80 1177.61 128.3171
120 265 159.96 1098.48 291 190.75 1137.83 49.9687
121 265 159.96 1098.48 112 108.63 1139.54 65.7304
122 122 1104.80 1177.61 123 1105.65 1097.20 80.4165
123 588 748.93 1146.81 566 710.44 1095.48 64.1585
124 566 710.44 1095.48 489 550.89 1223.37 204.4724
125 197 13.67 1094.20 577 73.56 1223.37 142.3773
126 258 154.39 1089.50 265 159.96 1098.48 10.5640
127 422 442.25 1089.07 453 481.60 1142.96 66.7304
128 377 353.29 1159.22 422 442.25 1089.07 113.2942
129 216 1393.51 1206.26 47 1558.98 1081.19 207.4291
130 258 154.39 1089.50 233 144.98 1078.38 14.5678
131 233 144.98 1078.38 674 94.09 1106.18 57.9972
132 245 1499.53 1071.07 211 1368.70 1175.47 167.3803
133 287 187.76 1068.11 258 154.39 1089.50 39.6285
134 197 13.67 1094.20 0 -0.01 1067.68 29.8427
135 353 313.94 1107.03 341 282.28 1065.97 51.8446
136 341 282.28 1065.97 291 190.75 1137.83 116.3691
137 674 94.09 1106.18 565 71.42 1064.69 47.2785
138 565 71.42 1064.69 197 13.67 1094.20 64.8477
139 233 144.98 1078.38 287 187.76 1068.11 51.8361
140 549 679.64 1053.57 566 710.44 1095.48 52.0137
141 471 514.11 1181.46 549 679.64 1053.57 209.1782
142 150 1168.95 1046.72 167 1207.45 1100.62 66.2295
143 123 1105.65 1097.20 150 1168.95 1046.72 80.9608
144 136 113.33 1044.16 233 144.98 1078.38 46.6120
145 565 71.42 1064.69 136 113.33 1044.16 46.6748
146 652 886.85 1044.97 588 748.93 1146.81 171.4446
147 422 442.25 1089.07 401 404.19 1037.31 64.2468
148 125 1106.93 1031.75 123 1105.65 1097.20 65.4544
149 125 1106.93 1031.75 652 886.85 1044.97 311.9799
150 341 282.28 1065.97 326 251.92 1031.33 46.0712
151 287 187.76 1068.11 326 251.92 1031.33 74.3327
152 652 886.85 1044.97 660 905.90 1030.90 23.6883
153 245 1499.53 1071.07 46 1558.98 1026.79 74.1283
154 238 1466.64 1025.53 245 1499.53 1071.07 56.1743
155 462 50.89 1021.92 565 71.42 1064.69 47.4445
156 549 679.64 1053.57 538 649.27 1012.08 51.4159
157 538 649.27 1012.08 453 481.60 1142.96 212.7037
158 136 113.33 1044.16 679 95.37 1008.23 40.1696
159 679 95.37 1008.23 462 50.89 1021.92 47.6184
160 150 1168.95 1046.72 139 1136.88 1006.09 51.7705
161 125 1106.93 1031.75 139 1136.88 1006.09 39.4341
162 428 449.52 1003.10 401 404.19 1037.31 56.8019
163 462 50.89 1021.92 406 41.48 1000.53 23.3648
164 311 223.69 995.40 326 251.92 1031.33 45.6923
165 136 113.33 1044.16 311 223.69 995.40 120.6453
166 401 404.19 1037.31 389 374.67 994.11 52.3188
167 389 374.67 994.11 341 282.28 1065.97 117.0431
168 406 41.48 1000.53 361 33.78 982.57 19.5447
169 679 95.37 1008.23 627 83.39 982.57 28.3204
170 406 41.48 1000.53 627 83.39 982.57 45.6042
171 646 867.41 980.43 660 905.90 1030.90 63.4762
172 566 710.44 1095.48 646 867.41 980.43 194.6259
173 152 117.61 968.02 679 95.37 1008.23 62.0100
174 627 83.39 982.57 152 117.61 968.02 37.1800
175 584 74.84 965.46 627 83.39 982.57 19.1283
176 361 33.78 982.57 584 74.84 965.46 44.4832
177 518 612.49 961.61 538 649.27 1012.08 62.4535
178 422 442.25 1089.07 518 612.49 961.61 212.6641
179 412 417.87 961.18 428 449.52 1003.10 52.5247
180 389 374.67 994.11 412 417.87 961.18 54.3226
181 373 347.30 959.04 389 374.67 994.11 44.4914
182 326 251.92 1031.33 373 347.30 959.04 119.6785
183 238 1466.64 1025.53 48 1558.98 958.48 114.1150
184 139 1136.88 1006.09 126 1106.93 956.47 57.9498
185 126 1106.93 956.47 125 1106.93 1031.75 75.2793
186 300 201.44 950.06 311 223.69 995.40 50.5004
187 300 201.44 950.06 251 152.68 949.20 63.3847
188 251 152.68 949.20 152 117.61 968.02 39.8036
189 373 347.30 959.04 364 335.75 940.65 21.7172
190 311 223.69 995.40 364 335.75 940.65 124.7223
191 646 867.41 980.43 628 833.19 938.51 54.1099
192 628 833.19 938.51 549 679.64 1053.57 191.8767
193 164 12.39 937.23 361 33.78 982.57 50.1295
194 164 12.39 937.23 17 0.41 944.07 13.7937
195 167 1207.45 1100.62 173 1226.70 935.94 233.2850
196 173 1226.70 935.94 139 1136.88 1006.09 113.9673
197 293 193.75 933.80 300 201.44 950.06 17.9847
198 293 193.75 933.80 251 152.68 949.20 43.8536
199 446 468.77 921.40 412 417.87 961.18 64.5990
200 584 74.84 965.46 483 54.31 919.26 50.5511
201 164 12.39 937.23 483 54.31 919.26 45.6042
202 364 335.75 940.65 381 366.12 918.83 37.3909
203 286 183.48 913.27 293 193.75 933.80 22.9540
204 251 152.68 949.20 286 183.48 913.27 62.0251
205 318 239.08 911.56 300 201.44 950.06 68.2163
206 293 193.75 933.80 318 239.08 911.56 50.5004
207 5 -0.44 909.85 164 12.39 937.23 30.2325
208 106 1064.16 908.57 126 1106.93 956.47 64.2212
209 660 905.90 1030.90 106 1064.16 908.57 200.0246
210 518 612.49 961.61 501 575.27 904.72 67.9771
211 428 449.52 1003.10 501 575.27 904.72 159.6595
212 331 260.47 902.15 318 239.08 911.56 23.3648
213 364 335.75 940.65 355 314.36 896.17 49.3571
214 355 314.36 896.17 331 260.47 902.15 70.0113
215 614 803.25 895.74 628 833.19 938.51 52.2103
216 538 649.27 1012.08 614 803.25 895.74 192.9900
217 446 468.77 921.40 424 445.67 893.17 36.4746
218 161 1194.19 891.46 173 1226.70 935.94 55.0951
219 126 1106.93 956.47 161 1194.19 891.46 108.8133
220 395 399.05 890.18 424 445.67 893.17 66.8351
221 381 366.12 918.83 395 399.05 890.18 43.6571
222 117 1094.10 888.04 106 1064.16 908.57 36.3035
223 501 575.27 904.72 492 561.59 887.61 21.9102
224 351 305.00 878.78 355 314.36 896.17 19.7450
225 331 260.47 902.15 351 305.00 878.78 50.2949
226 483 54.31 919.26 368 34.63 876.49 47.0807
227 368 34.63 876.49 4 -0.44 893.60 39.0238
228 126 1106.93 956.47 128 1111.21 874.35 82.2342
229 128 1111.21 874.35 117 1094.10 888.04 21.9102
230 372 347.30 873.50 381 366.12 918.83 49.0895
231 286 183.48 913.27 271 163.80 867.94 49.4238
232 271 163.80 867.94 483 54.31 919.26 120.9300
233 424 445.67 893.17 418 431.13 864.94 31.7554
234 395 399.05 890.18 418 431.13 864.94 40.8156
235 485 544.05 863.23 492 561.59 887.61 30.0321
236 485 544.05 863.23 446 468.77 921.40 95.1355
237 366 339.60 858.95 372 347.30 873.50 16.4548
238 366 339.60 858.95 351 305.00 878.78 39.8737
239 348 294.26 858.10 351 305.00 878.78 23.3056
240 286 183.48 913.27 348 294.26 858.10 123.7607
241 368 34.63 876.49 325 25.22 857.67 21.0412
242 325 25.22 857.67 3 -0.44 868.79 27.9693
243 106 1064.16 908.57 91 1026.52 857.24 63.6489
244 91 1026.52 857.24 646 867.41 980.43 201.2247
245 370 344.83 856.64 366 339.60 858.95 5.7210
246 491 556.88 851.25 485 544.05 863.23 17.5523
247 437 458.51 846.98 424 445.67 893.17 64.9743
248 418 431.13 864.94 437 458.51 846.98 34.0790
249 372 347.30 873.50 384 368.68 846.12 44.0648
250 384 368.68 846.12 370 344.83 856.64 26.0689
251 614 803.25 895.74 594 763.05 842.70 66.5547
252 594 763.05 842.70 518 612.49 961.61 191.8510
253 161 1194.19 891.46 147 1157.83 841.42 61.8559
254 147 1157.83 841.42 128 1111.21 874.35 57.0814
255 370 344.83 856.64 348 294.26 858.10 63.1629
256 325 25.22 857.67 268 16.67 837.14 22.2416
257 268 16.67 837.14 21 1.27 847.40 18.5061
258 117 1094.10 888.04 104 1059.03 836.71 62.1657
259 104 1059.03 836.71 91 1026.52 857.24 38.4475
260 454 481.60 833.29 437 458.51 846.98 26.8480
261 325 25.22 857.67 667 92.80 826.02 74.6252
262 454 481.60 833.29 459 494.43 825.59 14.9642
263 418 431.13 864.94 409 414.02 823.88 44.4832
264 384 368.68 846.12 409 414.02 823.88 50.5004
265 466 508.12 823.88 454 481.60 833.29 42.1120
266 459 494.43 825.59 466 508.12 823.88 13.7937
267 555 686.91 823.88 501 575.27 904.72 137.8318
268 224 142.42 823.45 271 163.80 867.94 49.3572
269 667 92.80 826.02 224 142.42 823.45 63.9327
270 348 294.26 858.10 337 274.16 814.90 47.6485
271 271 163.80 867.94 337 274.16 814.90 122.4365
272 691 992.30 814.47 91 1026.52 857.24 54.7753
273 628 833.19 938.51 691 992.30 814.47 201.7495
274 553 680.92 811.05 555 686.91 823.88 14.1601
275 481 537.21 809.34 491 556.88 851.25 46.3049
276 481 537.21 809.34 466 508.12 823.88 32.5182
277 402 406.32 807.63 409 414.02 823.88 17.9847
278 402 406.32 807.63 384 368.68 846.12 69.3152
279 492 561.59 887.61 553 680.92 811.05 146.7688
280 224 142.42 823.45 205 134.72 807.20 17.9847
281 205 134.72 807.20 667 92.80 826.02 45.9479
282 289 188.61 802.07 224 142.42 823.45 50.9045
283 409 414.02 823.88 434 456.80 800.78 48.6101
284 268 16.67 837.14 79 0.19 798.66 41.8577
285 443 465.35 797.36 454 481.60 833.29 39.4342
286 434 456.80 800.78 443 465.35 797.36 9.2135
287 594 763.05 842.70 573 726.26 796.51 59.0506
288 573 726.26 796.51 555 686.91 823.88 47.9356
289 459 494.43 825.59 452 479.04 791.37 37.5228
290 443 465.35 797.36 452 479.04 791.37 14.9397
291 205 134.72 807.20 182 126.17 789.23 19.8972
292 427 448.24 786.24 434 456.80 800.78 16.8721
293 427 448.24 786.24 402 406.32 807.63 47.0574
294 284 182.62 785.81 289 188.61 802.07 17.3215
295 205 134.72 807.20 284 182.62 785.81 52.4620
296 568 715.14 783.67 573 726.26 796.51 16.9801
297 553 680.92 811.05 568 715.14 783.67 43.8203
298 491 556.88 851.25 539 650.13 778.54 118.2437
299 284 182.62 785.81 297 199.73 776.40 19.5259
300 452 479.04 791.37 449 471.34 775.12 17.9847
301 449 471.34 775.12 427 448.24 786.24 25.6349
302 304 208.29 772.13 297 199.73 776.40 9.5642
303 328 253.63 772.13 337 274.16 814.90 47.4445
304 304 208.29 772.13 328 253.63 772.13 61.7042
305 691 992.30 814.47 684 961.51 771.70 52.7055
306 684 961.51 771.70 614 803.25 895.74 201.0755
307 475 519.24 770.84 481 537.21 809.34 42.4805
308 452 479.04 791.37 475 519.24 770.84 45.1446
309 179 1248.35 768.50 238 1466.64 1025.53 338.4874
310 179 1248.35 768.50 147 1157.83 841.42 116.2322
311 277 174.07 766.99 284 182.62 785.81 20.6728
312 182 126.17 789.23 277 174.07 766.99 52.8165
313 392 386.22 764.43 402 406.32 807.63 47.6485
314 337 274.16 814.90 392 386.22 764.43 122.9048
315 297 199.73 776.40 292 192.89 757.58 20.0255
316 292 192.89 757.58 277 174.07 766.99 21.0412
317 328 253.63 772.13 323 244.22 755.02 19.5259
318 323 244.22 755.02 304 208.29 772.13 39.7944
319 468 511.54 754.59 475 519.24 770.84 17.9848
320 449 471.34 775.12 468 511.54 754.59 45.1446
321 568 715.14 783.67 558 694.61 754.59 35.6014
322 539 650.13 778.54 558 694.61 754.59 50.5221
323 182 126.17 789.23 105 106.67 746.70 46.7899
324 105 106.67 746.70 79 0.19 798.66 118.4793
325 328 253.63 772.13 359 324.63 743.04 76.7284
326 475 519.24 770.84 507 585.97 737.48 74.6007
327 316 237.37 737.05 323 244.22 755.02 19.2238
328 292 192.89 757.58 316 237.37 737.05 48.9925
329 323 244.22 755.02 342 284.42 735.34 44.7620
330 507 585.97 737.48 513 594.52 734.91 8.9311
331 531 630.45 734.91 539 650.13 778.54 47.8591
332 513 594.52 734.91 531 630.45 734.91 51.1793
333 383 368.26 726.79 392 386.22 764.43 41.7069
334 359 324.63 743.04 383 368.26 726.79 46.7323
335 359 324.63 743.04 357 317.79 722.51 21.6413
336 357 317.79 722.51 342 284.42 735.34 35.7450
337 504 579.98 721.23 507 585.97 737.48 17.3215
338 504 579.98 721.23 468 511.54 754.59 76.1348
339 528 624.46 721.23 531 630.45 734.91 14.9398
340 513 594.52 734.91 528 624.46 721.23 32.9209
341 668 920.45 721.23 684 961.51 771.70 65.0646
342 668 920.45 721.23 594 763.05 842.70 198.8247
343 342 284.42 735.34 316 237.37 737.05 62.8195
344 179 1248.35 768.50 168 1210.67 717.83 63.1402
345 104 1059.03 836.71 168 1210.67 717.83 192.6866
346 321 24.89 716.60 13 0.19 735.06 33.7120
347 528 624.46 721.23 524 621.90 715.24 6.5149
348 468 511.54 754.59 458 491.87 713.53 45.5319
349 392 386.22 764.43 458 491.87 713.53 117.2695
350 558 694.61 754.59 586 745.94 707.54 69.6283
351 383 368.26 726.79 379 356.28 702.83 26.7797
352 379 356.28 702.83 357 317.79 722.51 43.2318
353 321 24.89 716.60 12 0.19 711.78 35.1933
354 524 621.90 715.24 521 616.76 702.41 13.8202
355 521 616.76 702.41 504 579.98 721.23 41.3190
356 642 86.22 701.84 105 106.67 746.70 49.3009
357 531 630.45 734.91 540 652.64 699.74 55.3236
358 540 652.64 699.74 524 621.90 715.24 34.4309
359 306 217.97 693.89 316 237.37 737.05 47.3242
360 105 106.67 746.70 306 217.97 693.89 123.1983
361 568 715.14 783.67 633 843.46 693.00 158.6706
362 145 115.75 687.07 642 86.22 701.84 33.0152
363 375 348.58 686.58 379 356.28 702.83 17.9847
364 357 317.79 722.51 375 348.58 686.58 62.0252
365 642 86.22 701.84 597 77.14 684.23 19.8108
366 597 77.14 684.23 321 24.89 716.60 63.2578
367 168 1210.67 717.83 156 1175.59 672.36 57.4285
368 156 1175.59 672.36 691 992.30 814.47 231.9277
369 458 491.87 713.53 450 473.05 671.61 45.9480
370 145 115.75 687.07 116 109.51 669.47 18.6797
371 116 109.51 669.47 597 77.14 684.23 35.5775
372 684 961.51 771.70 118 1096.34 668.46 169.8189
373 270 163.45 666.63 145 115.75 687.07 51.8980
374 650 879.55 666.06 668 920.45 721.23 68.6713
375 633 843.46 693.00 650 879.55 666.06 45.0340
376 521 616.76 702.41 515 599.65 663.06 42.9090
377 515 599.65 663.06 458 491.87 713.53 119.0178
378 586 745.94 707.54 574 727.12 662.20 49.0895
379 574 727.12 662.20 540 652.64 699.74 83.4005
380 247 1504.28 660.67 55 1560.15 737.32 94.8482
381 613 800.68 658.78 586 745.94 707.54 73.3143
382 247 1504.28 660.67 218 1396.45 656.77 156.2399
383 218 1396.45 656.77 179 1248.35 768.50 185.5220
384 648 869.90 653.00 650 879.55 666.06 16.2417
385 450 473.05 671.61 441 463.64 652.79 21.0412
386 633 843.46 693.00 615 809.24 651.08 54.1100
387 613 800.68 658.78 615 809.24 651.08 11.5089
388 259 155.50 648.46 270 163.45 666.63 19.8352
389 116 109.51 669.47 259 155.50 648.46 50.5699
390 477 520.10 647.66 450 473.05 671.61 52.7957
391 294 195.82 647.32 306 217.97 693.89 51.5645
392 375 348.58 686.58 360 329.56 641.93 48.5364
393 306 217.97 693.89 360 329.56 641.93 123.0929
394 574 727.12 662.20 613 800.68 658.78 87.2304
395 441 463.64 652.79 436 458.51 636.54 17.0446
396 294 195.82 647.32 290 189.58 632.56 16.0319
397 290 189.58 632.56 259 155.50 648.46 37.6002
398 669 922.71 631.99 650 879.55 666.06 54.9875
399 469 513.25 631.40 477 520.10 647.66 17.6355
400 469 513.25 631.40 441 463.64 652.79 54.0288
401 156 1175.59 672.36 143 1147.02 629.72 51.3284
402 118 1096.34 668.46 143 1147.02 629.72 63.7888
403 218 1396.45 656.77 231 1430.23 629.49 43.4202
404 294 195.82 647.32 315 233.87 626.31 43.4641
405 247 1504.28 660.67 37 1557.55 624.29 64.5022
406 597 77.14 684.23 448 47.32 622.05 68.9605
407 448 47.32 622.05 7 -0.66 645.05 53.2127
408 505 580.84 620.28 515 599.65 663.06 46.7296
409 477 520.10 647.66 505 580.84 620.28 66.6205
410 663 912.49 620.06 669 922.71 631.99 15.7067
411 663 912.49 620.06 648 869.90 653.00 53.8407
412 118 1096.34 668.46 103 1057.18 618.85 63.2070
413 668 920.45 721.23 103 1057.18 618.85 170.8181
414 632 842.92 618.64 648 869.90 653.00 43.6806
415 615 809.24 651.08 632 842.92 618.64 46.7599
416 315 233.87 626.31 327 253.18 617.22 21.3389
417 563 704.87 615.15 574 727.12 662.20 52.0418
418 515 599.65 663.06 563 704.87 615.15 115.6120
419 290 189.58 632.56 283 182.19 614.95 19.0895
420 138 1134.53 612.11 143 1147.02 629.72 21.5869
421 235 1460.11 606.10 247 1504.28 660.67 70.2032
422 235 1460.11 606.10 231 1430.23 629.49 37.9437
423 138 1134.53 612.11 111 1076.04 604.73 58.9555
424 103 1057.18 618.85 111 1076.04 604.73 23.5490
425 505 580.84 620.28 499 572.28 600.61 21.4545
426 499 572.28 600.61 469 513.25 631.40 66.5766
427 315 233.87 626.31 307 219.67 597.92 31.7454
428 307 219.67 597.92 283 182.19 614.95 41.1702
429 532 631.31 595.48 505 580.84 620.28 56.2387
430 352 305.14 591.95 360 329.56 641.93 55.6202
431 327 253.18 617.22 352 305.14 591.95 57.7801
432 436 458.51 636.54 420 436.89 589.68 51.6014
433 360 329.56 641.93 420 436.89 589.68 119.3694
434 327 253.18 617.22 320 239.55 587.13 33.0396
435 320 239.55 587.13 307 219.67 597.92 22.6156
436 494 564.58 586.07 499 572.28 600.61 16.4549
437 436 458.51 636.54 494 564.58 586.07 117.4706
438 420 436.89 589.68 432 453.36 582.30 18.0475
439 532 631.31 595.48 527 624.46 580.08 16.8503
440 499 572.28 600.61 527 624.46 580.08 56.0758
441 217 1396.45 578.82 231 1430.23 629.49 60.8948
442 168 1210.67 717.83 217 1396.45 578.82 232.0316
443 563 704.87 615.15 554 685.05 573.21 46.3864
444 554 685.05 573.21 532 631.31 595.48 58.1721
445 283 182.19 614.95 264 158.06 568.10 52.7012
446 264 158.06 568.10 448 47.32 622.05 123.1787
447 669 922.71 631.99 89 1012.43 564.98 111.9859
448 352 305.14 591.95 380 360.22 564.70 61.4596
449 619 817.93 562.99 632 842.92 618.64 61.0040
450 563 704.87 615.15 619 817.93 562.99 124.5107
451 346 290.37 562.42 352 305.14 591.95 33.0152
452 346 290.37 562.42 320 239.55 587.13 56.5103
453 527 624.46 580.08 522 617.62 562.11 19.2238
454 522 617.62 562.11 494 564.58 586.07 58.1956
455 554 685.05 573.21 547 676.82 558.17 17.1542
456 527 624.46 580.08 547 676.82 558.17 56.7541
457 228 1423.73 558.03 235 1460.11 606.10 60.2820
458 217 1396.45 578.82 228 1423.73 558.03 34.2990
459 273 17.79 557.31 448 47.32 622.05 71.1550
460 140 1137.37 556.46 138 1134.53 612.11 55.7245
461 256 1531.57 554.13 54 1560.15 593.11 48.3318
462 235 1460.11 606.10 256 1531.57 554.13 88.3531
463 696 999.94 551.35 89 1012.43 564.98 18.4888
464 696 999.94 551.35 663 912.49 620.06 111.2188
465 582 738.71 546.81 554 685.05 573.21 59.8095
466 411 416.44 544.82 420 436.89 589.68 49.3009
467 411 416.44 544.82 380 360.22 564.70 60.7759
468 114 1081.15 541.13 140 1137.37 556.46 58.2734
469 111 1076.04 604.73 114 1081.15 541.13 63.8074
470 657 9.27 539.71 273 17.79 557.31 19.5568
471 547 676.82 558.17 544 668.30 539.43 20.5851
472 522 617.62 562.11 544 668.30 539.43 55.5254
473 86 1005.05 538.86 696 999.94 551.35 14.5777
474 569 716.73 538.63 547 676.82 558.17 44.4419
475 419 432.91 538.01 432 453.36 582.30 48.7847
476 419 432.91 538.01 411 416.44 544.82 17.8227
477 494 564.58 586.07 486 544.22 537.44 52.7201
478 432 453.36 582.30 486 544.22 537.44 101.3325
479 511 59.82 536.87 273 17.79 557.31 46.7320
480 380 360.22 564.70 371 346.03 536.30 31.7454
481 371 346.03 536.30 346 290.37 562.42 61.4780
482 256 1531.57 554.13 44 1558.85 533.35 34.2990
483 578 730.20 532.04 582 738.71 546.81 17.0458
484 578 730.20 532.04 569 716.73 538.63 14.9876
485 404 407.93 528.35 411 416.44 544.82 18.5411
486 114 1081.15 541.13 109 1068.65 523.52 21.5868
487 89 1012.43 564.98 109 1068.65 523.52 69.9667
488 440 461.02 522.96 419 432.91 538.01 31.8848
489 609 797.49 522.67 619 817.93 562.99 45.2062
490 582 738.71 546.81 609 797.49 522.67 63.5377
491 564 708.62 522.39 569 716.73 538.63 18.1573
492 544 668.30 539.43 564 708.62 522.39 43.7709
493 511 59.82 536.87 461 50.16 520.97 18.6018
494 461 50.16 520.97 657 9.27 539.71 44.9773
495 619 817.93 562.99 671 927.25 520.69 117.2178
496 657 9.27 539.71 11 0.19 519.27 22.3719
497 334 267.66 516.43 346 290.37 562.42 51.3012
498 264 158.06 568.10 334 267.66 516.43 121.1726
499 228 1423.73 558.03 215 1389.96 513.86 55.6068
500 215 1389.96 513.86 156 1175.59 672.36 266.5956
501 440 461.02 522.96 431 453.07 508.19 16.7693
502 431 453.07 508.19 404 407.93 528.35 49.4430
503 396 399.98 507.91 404 407.93 528.35 21.9351
504 371 346.03 536.30 396 399.98 507.91 62.1027
505 609 797.49 522.67 605 787.84 503.93 21.0805
506 605 787.84 503.93 578 730.20 532.04 64.1288
507 109 1068.65 523.52 101 1053.89 503.65 24.7598
508 101 1053.89 503.65 86 1005.05 538.86 60.2058
509 191 128.53 503.37 264 158.06 568.10 71.1550
510 191 128.53 503.37 511 59.82 536.87 76.4467
511 431 453.07 508.19 447 469.54 497.40 19.6883
512 86 1005.05 538.86 687 976.09 496.27 51.5051
513 632 842.92 618.64 687 976.09 496.27 180.8871
514 687 976.09 496.27 671 927.25 520.69 54.6021
515 486 544.22 537.44 478 525.76 495.13 46.1574
516 478 525.76 495.13 440 461.02 522.96 70.4825
517 431 453.07 508.19 396 399.98 507.91 64.8392
518 536 647.00 491.44 544 668.30 539.43 52.4989
519 486 544.22 537.44 536 647.00 491.44 112.6091
520 609 797.49 522.67 643 861.09 491.44 70.8576
521 605 787.84 503.93 623 823.04 488.03 38.6325
522 166 120.58 484.63 191 128.53 503.37 20.3567
523 461 50.16 520.97 166 120.58 484.63 79.2430
524 605 787.84 503.93 602 778.18 483.49 22.6084
525 564 708.62 522.39 602 778.18 483.49 80.7115
526 276 173.96 482.35 191 128.53 503.37 50.0539
527 302 205.76 482.35 276 173.96 482.35 42.1670
528 131 1118.91 481.22 109 1068.65 523.52 65.6938
529 473 517.81 478.09 478 525.76 495.13 18.8002
530 447 469.54 497.40 473 517.81 478.09 51.9965
531 602 778.18 483.49 600 773.92 477.53 7.3276
532 600 773.92 477.53 73 744.39 490.02 32.0638
533 276 173.96 482.35 288 188.16 474.97 16.0017
534 643 861.09 491.44 639 853.14 474.97 18.2871
535 623 823.04 488.03 639 853.14 474.97 32.8095
536 671 927.25 520.69 659 902.83 472.98 53.9350
537 659 902.83 472.98 643 861.09 491.44 45.6374
538 478 525.76 495.13 500 573.46 470.71 53.5886
539 302 205.76 482.35 299 201.22 469.86 13.2937
540 288 188.16 474.97 299 201.22 469.86 14.0256
541 206 1353.58 469.69 215 1389.96 513.86 57.2224
542 143 1147.02 629.72 206 1353.58 469.69 261.2978
543 127 1110.39 469.29 131 1118.91 481.22 14.6553
544 324 245.23 467.30 334 267.66 516.43 54.0008
545 324 245.23 467.30 302 205.76 482.35 43.6806
546 618 813.39 467.02 623 823.04 488.03 23.1232
547 618 813.39 467.02 602 778.18 483.49 38.8697
548 391 377.26 465.89 396 399.98 507.91 47.7694
549 334 267.66 516.43 391 377.26 465.89 120.6926
550 101 1053.89 503.65 127 1110.39 469.29 70.4180
551 500 573.46 470.71 509 587.09 463.90 15.2378
552 101 1053.89 503.65 92 1026.63 463.33 48.6689
553 687 976.09 496.27 92 1026.63 463.33 60.3262
554 639 853.14 474.97 634 844.62 462.48 15.1210
555 634 844.62 462.48 618 813.39 467.02 31.5620
556 228 1423.73 558.03 43 1558.85 461.89 165.8260
557 288 188.16 474.97 285 183.05 460.77 15.0889
558 473 517.81 478.09 467 508.16 460.49 20.0775
559 447 469.54 497.40 467 508.16 460.49 67.3028
560 285 183.05 460.77 166 120.58 484.63 68.1458
561 659 902.83 472.98 656 893.75 456.52 18.8087
562 639 853.14 474.97 656 893.75 456.52 44.6011
563 500 573.46 470.71 493 564.38 454.81 18.3135
564 493 564.38 454.81 473 517.81 478.09 52.0625
565 317 238.98 451.97 324 245.23 467.30 16.5564
566 299 201.22 469.86 317 238.98 451.97 41.7864
567 509 587.09 463.90 503 578.01 447.43 18.8087
568 493 564.38 454.81 503 578.01 447.43 15.5001
569 206 1353.58 469.69 203 1339.25 447.15 26.7132
570 536 647.00 491.44 529 626.27 444.59 51.2304
571 509 587.09 463.90 529 626.27 444.59 43.6824
572 203 1339.25 447.15 193 1285.30 444.31 54.0232
573 193 1285.30 444.31 140 1137.37 556.46 185.6421
574 166 120.58 484.63 688 99.29 441.80 47.8255
575 6 -0.45 491.67 688 99.29 441.80 111.5105
576 467 508.16 460.49 493 564.38 454.81 66.6335
577 656 893.75 456.52 653 886.93 441.18 16.7789
578 634 844.62 462.48 653 886.93 441.18 47.3643
579 600 773.92 477.53 590 756.32 440.05 41.4085
580 590 756.32 440.05 536 647.00 491.44 120.7948
581 659 902.83 472.98 673 934.63 438.34 58.3009
582 656 893.75 456.52 673 934.63 438.34 44.7437
583 313 230.46 435.50 317 238.98 451.97 18.5411
584 285 183.05 460.77 313 230.46 435.50 53.7314
585 673 934.63 438.34 681 953.94 429.82 21.1034
586 523 619.46 427.55 529 626.27 444.59 18.3487
587 503 578.01 447.43 523 619.46 427.55 45.9736
588 529 626.27 444.59 542 663.47 425.57 41.7787
589 672 927.82 423.01 673 934.63 438.34 16.7789
590 653 886.93 441.18 672 927.82 423.01 44.7437
591 350 303.72 421.87 317 238.98 451.97 71.3926
592 391 377.26 465.89 378 354.83 417.90 52.9697
593 378 354.83 417.90 350 303.72 421.87 66.8019
594 88 1011.30 417.33 92 1026.63 463.33 48.4863
595 457 488.28 415.06 467 508.16 460.49 49.5879
596 391 377.26 465.89 457 488.28 415.06 122.1012
597 672 927.82 423.01 681 953.94 429.82 40.1955
598 519 612.70 412.18 523 619.46 427.55 16.7972
599 81 0.47 411.08 18 0.47 432.10 26.2379
600 542 663.47 425.57 541 659.50 410.23 15.8397
601 541 659.50 410.23 523 619.46 427.55 43.6215
602 85 1004.48 404.27 88 1011.30 417.33 14.7320
603 681 953.94 429.82 85 1004.48 404.27 56.6344
604 266 16.37 403.70 81 0.47 411.08 17.5308
605 374 348.01 402.00 378 354.83 417.90 17.2994
606 350 303.72 421.87 374 348.01 402.00 48.5495
607 204 1339.81 401.15 203 1339.25 447.15 46.0017
608 131 1118.91 481.22 176 1232.49 398.31 188.9508
609 176 1232.49 398.31 131 1118.91 481.22 140.6185
610 344 29.06 398.04 266 16.37 403.70 13.8949
611 581 738.25 396.46 590 756.32 440.05 47.1866
612 542 663.47 425.57 581 738.25 396.46 80.2472
613 688 99.29 441.80 593 76.89 394.99 51.8945
614 593 76.89 394.99 344 29.06 398.04 59.3061
615 541 659.50 410.23 559 696.37 394.75 39.9953
616 645 863.90 392.18 653 886.93 441.18 54.1449
617 590 756.32 440.05 645 863.90 392.18 117.7441
618 303 208.18 391.93 313 230.46 435.50 48.9373
619 688 99.29 441.80 303 208.18 391.93 119.7731
620 196 1294.95 390.93 204 1339.81 401.15 46.0122
621 193 1285.30 444.31 196 1294.95 390.93 54.2465
622 92 1026.63 463.33 134 1129.13 389.79 126.1542
623 693 995.40 386.10 85 1004.48 404.27 20.3170
624 206 1353.58 469.69 236 1464.01 385.24 139.0171
625 215 1389.96 513.86 42 1558.85 385.24 212.2898
626 266 16.37 403.70 610 8.42 384.96 20.3567
627 365 338.93 384.96 374 348.01 402.00 19.3079
628 313 230.46 435.50 365 338.93 384.96 119.6622
629 176 1232.49 398.31 127 1110.39 469.29 158.2310
630 88 1011.30 417.33 100 1052.18 381.56 65.1406
631 100 1052.18 381.56 85 1004.48 404.27 52.8341
632 552 68.75 379.72 593 76.89 394.99 17.3015
633 344 29.06 398.04 552 68.75 379.72 43.7152
634 581 738.25 396.46 576 728.92 377.62 21.0166
635 559 696.37 394.75 556 688.68 378.51 17.9694
636 556 688.68 378.51 519 612.70 412.18 83.1098
637 559 696.37 394.75 576 728.92 377.62 36.7806
638 610 8.42 384.96 308 22.62 377.58 16.0017
639 413 424.11 369.06 374 348.01 402.00 82.9181
640 100 1052.18 381.56 693 995.40 386.10 68.6254
641 236 1464.01 385.24 242 1488.69 367.05 64.6827
642 242 1488.69 367.05 236 1464.01 385.24 30.6615
643 457 488.28 415.06 444 467.55 366.51 52.7929
644 196 1294.95 390.93 187 1275.64 364.23 32.9419
645 187 1275.64 364.23 176 1232.49 398.31 54.9876
646 512 591.35 363.67 519 612.70 412.18 53.0000
647 457 488.28 415.06 512 591.35 363.67 115.1724
648 576 728.92 377.62 571 722.01 362.27 16.8394
649 556 688.68 378.51 571 722.01 362.27 37.0793
650 581 738.25 396.46 596 769.88 361.41 59.3531
651 596 769.88 361.41 576 728.92 377.62 44.0455
652 516 60.10 358.84 552 68.75 379.72 22.6019
653 308 22.62 377.58 516 60.10 358.84 41.9039
654 604 782.70 356.28 596 769.88 361.41 13.8084
655 129 1113.23 355.72 134 1129.13 389.79 37.6003
656 100 1052.18 381.56 129 1113.23 355.72 66.2900
657 604 782.70 356.28 608 790.39 352.01 8.7998
658 438 459.60 350.61 444 467.55 366.51 17.7774
659 438 459.60 350.61 413 424.11 369.06 40.0042
660 636 845.95 347.74 645 863.90 392.18 47.9327
661 608 790.39 352.01 636 845.95 347.74 71.1626
662 413 424.11 369.06 408 412.18 343.51 28.2002
663 408 412.18 343.51 365 338.93 384.96 84.1726
664 187 1275.64 364.23 183 1260.31 341.52 27.4057
665 686 975.01 340.90 693 995.40 386.10 49.5842
666 686 975.01 340.90 645 863.90 392.18 122.3767
667 474 518.09 340.38 444 467.55 366.51 56.8928
668 365 338.93 384.96 358 319.12 339.01 50.0412
669 303 208.18 391.93 358 319.12 339.01 122.9102
670 438 459.60 350.61 433 454.49 338.68 12.9745
671 601 775.86 337.48 604 782.70 356.28 20.0084
672 571 722.01 362.27 601 775.86 337.48 59.2781
673 308 22.62 377.58 397 4.45 333.85 47.3524
674 121 1103.22 331.50 129 1113.23 355.72 26.2083
675 631 836.54 330.64 636 845.95 347.74 19.5093
676 608 790.39 352.01 631 836.54 330.64 50.8610
677 654 888.68 328.08 636 845.95 347.74 47.0404
678 280 179.69 327.82 303 208.18 391.93 70.1647
679 552 68.75 379.72 280 179.69 327.82 122.4754
680 183 1260.31 341.52 178 1246.11 325.05 21.7431
681 234 1447.14 323.92 204 1339.81 401.15 132.2280
682 456 485.72 322.21 433 454.49 338.68 35.3091
683 433 454.49 338.68 425 447.68 321.64 18.3487
684 408 412.18 343.51 425 447.68 321.64 41.6859
685 498 572.04 317.67 512 591.35 363.67 49.8861
686 474 518.09 340.38 498 572.04 317.67 58.5356
687 571 722.01 362.27 562 700.38 317.67 49.5666
688 512 591.35 363.67 562 700.38 317.67 118.3383
689 626 829.71 315.26 631 836.54 330.64 16.8360
690 601 775.86 337.48 626 829.71 315.26 58.2525
691 516 60.10 358.84 398 40.79 314.55 48.3198
692 398 40.79 314.55 397 4.45 333.85 41.1546
693 654 888.68 328.08 665 916.89 314.40 31.3461
694 464 505.60 313.69 474 518.09 340.38 29.4696
695 464 505.60 313.69 456 485.72 322.21 21.6242
696 183 1260.31 341.52 195 1294.38 313.13 44.3528
697 651 881.84 310.98 654 888.68 328.08 18.4111
698 631 836.54 330.64 651 881.84 310.98 49.3816
699 195 1294.38 313.13 198 1302.33 309.72 8.6497
700 456 485.72 322.21 425 447.68 321.64 52.2571
701 242 1488.69 367.05 263 1559.87 305.46 94.1260
702 498 572.04 317.67 517 608.39 302.34 39.4461
703 495 564.66 301.20 498 572.04 317.67 18.0474
704 682 957.06 299.02 686 975.01 340.90 45.5653
705 665 916.89 314.40 682 957.06 299.02 43.0170
706 662 910.05 298.16 665 916.89 314.40 17.6204
707 651 881.84 310.98 662 910.05 298.16 30.9827
708 189 1279.05 294.39 195 1294.38 313.13 24.2132
709 189 1279.05 294.39 178 1246.11 325.05 45.0023
710 178 1246.11 325.05 172 1223.40 292.11 40.0103
711 134 1129.13 389.79 172 1223.40 292.11 135.7456
712 115 1084.41 291.33 121 1103.22 331.50 44.3548
713 115 1084.41 291.33 686 975.01 340.90 120.1112
714 280 179.69 327.82 329 256.02 291.18 84.6679
715 517 608.39 302.34 534 640.76 288.71 35.1214
716 347 293.67 288.12 358 319.12 339.01 56.8931
717 329 256.02 291.18 347 293.67 288.12 47.0586
718 425 447.68 321.64 415 429.22 287.86 38.5008
719 358 319.12 339.01 415 429.22 287.86 121.4085
720 517 608.39 302.34 514 599.58 286.15 18.4233
721 514 599.58 286.15 495 564.66 301.20 38.0288
722 339 28.58 285.30 398 40.79 314.55 31.6920
723 490 555.29 282.74 495 564.66 301.20 20.6984
724 490 555.29 282.74 464 505.60 313.69 59.4192
725 678 949.37 281.07 682 957.06 299.02 19.5280
726 662 910.05 298.16 678 949.37 281.07 42.8724
727 222 1413.64 280.76 234 1447.14 323.92 54.6375
728 198 1302.33 309.72 222 1413.64 280.76 148.3942
729 694 997.23 280.21 682 957.06 299.02 44.3547
730 347 293.67 288.12 343 289.60 276.93 11.9123
731 329 256.02 291.18 343 289.60 276.93 36.4826
732 550 679.94 271.67 562 700.38 317.67 50.3366
733 534 640.76 288.71 550 679.94 271.67 42.7269
734 534 640.76 288.71 533 633.37 271.10 19.0895
735 514 599.58 286.15 533 633.37 271.10 36.9885
736 694 997.23 280.21 96 1033.13 270.81 37.3034
737 510 589.93 270.25 514 599.58 286.15 18.6018
738 510 589.93 270.25 490 555.29 282.74 36.8246
739 626 829.71 315.26 616 809.70 269.68 49.7728
740 562 700.38 317.67 616 809.70 269.68 119.3849
741 677 943.38 266.54 678 949.37 281.07 15.7138
742 662 910.05 298.16 677 943.38 266.54 60.0271
743 253 1528.07 266.28 263 1559.87 305.46 50.4646
744 234 1447.14 323.92 253 1528.07 266.28 99.3520
745 343 289.60 276.93 356 314.51 265.71 27.3187
746 267 16.66 264.86 339 28.58 285.30 23.6677
747 267 16.66 264.86 19 0.76 271.67 17.2993
748 142 1145.10 264.83 121 1103.22 331.50 106.7733
749 115 1084.41 291.33 142 1145.10 264.83 66.2170
750 690 991.25 263.12 694 997.23 280.21 18.1111
751 690 991.25 263.12 678 949.37 281.07 45.5652
752 248 151.53 262.87 280 179.69 327.82 70.7882
753 398 40.79 314.55 248 151.53 262.87 122.2009
754 343 289.60 276.93 338 279.87 257.19 22.0079
755 329 256.02 291.18 338 279.87 257.19 52.4952
756 84 1004.07 257.14 690 991.25 263.12 14.1481
757 108 1068.17 256.28 115 1084.41 291.33 38.6233
758 96 1033.13 270.81 108 1068.17 256.28 37.9363
759 550 679.94 271.67 546 672.27 253.21 19.9850
760 533 633.37 271.10 546 672.27 253.21 42.8156
761 96 1033.13 270.81 90 1023.73 250.30 22.5651
762 90 1023.73 250.30 84 1004.07 257.14 20.8137
763 484 54.70 248.96 339 28.58 285.30 59.9385
764 267 16.66 264.86 484 54.70 248.96 41.2368
765 214 1385.81 246.68 222 1413.64 280.76 43.9913
766 198 1302.33 309.72 214 1385.81 246.68 104.6038
767 108 1068.17 256.28 107 1064.75 246.03 10.8114
768 405 408.78 243.56 415 429.22 287.86 48.7847
769 356 314.51 265.71 405 408.78 243.56 112.6709
770 695 998.09 243.46 84 1004.07 257.14 14.9269
771 677 943.38 266.54 695 998.09 243.46 59.3705
772 253 1528.07 266.28 49 1559.30 241.86 39.6460
773 484 54.70 248.96 551 68.33 239.87 16.3801
774 490 555.29 282.74 480 535.41 239.02 48.0319
775 480 535.41 239.02 415 429.22 287.86 116.8851
776 172 1223.40 292.11 163 1197.84 238.17 59.6949
777 163 1197.84 238.17 142 1145.10 264.83 59.1041
778 546 672.27 253.21 543 664.32 237.88 17.2714
779 543 664.32 237.88 510 589.93 270.25 81.1292
780 570 718.27 232.20 546 672.27 253.21 50.5699
781 107 1064.75 246.03 102 1057.06 231.50 16.4408
782 102 1057.06 231.50 90 1023.73 250.30 38.2718
783 267 16.66 264.86 2 -0.38 229.65 39.1136
784 570 718.27 232.20 580 733.92 224.98 17.2368
785 399 400.83 224.82 405 408.78 243.56 20.3567
786 356 314.51 265.71 399 400.83 224.82 95.5117
787 606 789.26 222.55 616 809.70 269.68 51.3766
788 606 789.26 222.55 580 733.92 224.98 70.2843
789 580 733.92 224.98 587 747.80 218.57 15.2864
790 677 943.38 266.54 666 919.87 218.57 53.4194
791 616 809.70 269.68 666 919.87 218.57 121.4465
792 107 1064.75 246.03 135 1129.71 217.82 70.8177
793 405 408.78 243.56 442 464.43 215.73 62.2210
794 186 127.39 214.88 248 151.53 262.87 53.7133
795 551 68.33 239.87 186 127.39 214.88 64.1276
796 98 1051.08 214.40 102 1057.06 231.50 18.1111
797 695 998.09 243.46 98 1051.08 214.40 60.8823
798 551 68.33 239.87 488 55.84 213.75 28.9562
799 330 259.43 210.62 338 279.87 257.19 50.8561
800 248 151.53 262.87 330 259.43 210.62 119.8803
801 214 1385.81 246.68 209 1358.27 207.78 47.6629
802 393 391.17 206.65 399 400.83 224.82 20.5773
803 338 279.87 257.19 393 391.17 206.65 122.2418
804 624 826.17 206.65 606 789.26 222.55 40.1912
805 606 789.26 222.55 603 781.31 205.51 18.8001
806 603 781.31 205.51 587 747.80 218.57 35.9607
807 209 1358.27 207.78 208 1354.30 203.81 5.6217
808 208 1354.30 203.81 189 1279.05 294.39 120.2761
809 472 517.24 203.24 480 535.41 239.02 40.1270
810 135 1129.71 217.82 133 1123.73 201.58 17.3066
811 133 1123.73 201.58 102 1057.06 231.50 73.0721
812 165 120.58 200.69 186 127.39 214.88 15.7478
813 429 451.37 200.40 442 464.43 215.73 20.1417
814 429 451.37 200.40 399 400.83 224.82 56.1310
815 587 747.80 218.57 583 739.85 198.70 21.4068
816 583 739.85 198.70 570 718.27 232.20 55.7030
817 163 1197.84 238.17 157 1180.52 198.70 43.1008
818 135 1129.71 217.82 157 1180.52 198.70 54.7727
819 624 826.17 206.65 640 855.13 194.72 31.3210
820 470 513.83 193.59 472 517.24 203.24 10.2376
821 442 464.43 215.73 470 513.83 193.59 54.1424
822 429 451.37 200.40 445 468.40 192.45 18.8001
823 172 1223.40 292.11 199 1306.03 191.88 129.8972
824 199 1306.03 191.88 163 1197.84 238.17 117.6654
825 282 180.21 191.03 186 127.39 214.88 57.9487
826 543 664.32 237.88 535 642.74 190.75 51.8390
827 535 642.74 190.75 480 535.41 239.02 117.6839
828 624 826.17 206.65 620 818.79 190.75 17.5308
829 603 781.31 205.51 620 818.79 190.75 40.2834
830 603 781.31 205.51 598 772.22 190.18 17.8227
831 583 739.85 198.70 598 772.22 190.18 34.9049
832 625 826.74 186.20 620 818.79 190.75 9.1568
833 137 113.76 184.79 165 120.58 200.69 17.2994
834 488 55.84 213.75 137 113.76 184.79 64.7606
835 423 444.55 183.37 429 451.37 200.40 18.3487
836 393 391.17 206.65 423 444.55 183.37 58.2374
837 157 1180.52 198.70 154 1173.14 182.23 18.0474
838 133 1123.73 201.58 154 1173.14 182.23 53.0670
839 640 855.13 194.72 637 846.04 177.69 19.3079
840 637 846.04 177.69 625 826.74 186.20 21.1034
841 261 1553.05 177.69 57 1560.44 186.20 11.2721
842 222 1413.64 280.76 261 1553.05 177.69 173.3775
843 445 468.40 192.45 423 444.55 183.37 35.3535
844 465 505.88 176.55 470 513.83 193.59 18.8001
845 445 468.40 192.45 465 505.88 176.55 40.7134
846 322 242.67 176.27 330 259.43 210.62 38.2233
847 282 180.21 191.03 322 242.67 176.27 66.8670
848 278 174.53 175.70 282 180.21 191.03 16.3506
849 165 120.58 200.69 278 174.53 175.70 59.4540
850 658 900.56 174.85 666 919.87 218.57 47.7998
851 640 855.13 194.72 658 900.56 174.85 49.5879
852 637 846.04 177.69 641 856.27 172.58 11.4284
853 137 113.76 184.79 230 143.86 171.16 33.0396
854 622 819.35 169.17 625 826.74 186.20 18.5671
855 622 819.35 169.17 598 772.22 190.18 51.6051
856 98 1051.08 214.40 95 1030.32 168.88 50.0265
857 95 1030.32 168.88 666 919.87 218.57 121.1147
858 319 239.27 167.75 322 242.67 176.27 9.1744
859 202 1327.61 167.46 208 1354.30 203.81 45.0919
860 199 1306.03 191.88 202 1327.61 167.46 32.5876
861 278 174.53 175.70 296 198.38 163.77 26.6661
862 154 1173.14 182.23 149 1164.62 163.49 20.5851
863 230 143.86 171.16 278 174.53 175.70 41.2068
864 387 370.73 161.22 393 391.17 206.65 49.8182
865 330 259.43 210.62 387 370.73 161.22 121.7766
866 154 1173.14 182.23 169 1216.87 160.08 49.0154
867 530 629.40 159.23 535 642.74 190.75 34.2262
868 472 517.24 203.24 530 629.40 159.23 120.4820
869 133 1123.73 201.58 149 1164.62 163.49 78.9965
870 655 891.47 154.97 658 900.56 174.85 21.8541
871 641 856.27 172.58 655 891.47 154.97 39.3642
872 336 271.92 154.40 319 239.27 167.75 35.2748
873 194 1286.72 152.13 199 1306.03 191.88 44.1925
874 157 1180.52 198.70 194 1286.72 152.13 115.9544
875 314 230.75 150.14 319 239.27 167.75 19.5568
876 296 198.38 163.77 314 230.75 150.14 35.1214
877 629 834.12 148.72 622 819.35 169.17 32.4722
878 525 622.87 148.16 530 629.40 159.23 12.8559
879 598 772.22 190.18 589 751.21 144.75 50.0539
880 589 751.21 144.75 535 642.74 190.75 117.8153
881 635 844.91 144.75 641 856.27 172.58 30.0547
882 635 844.91 144.75 629 834.12 148.72 11.4986
883 169 1216.87 160.08 149 1164.62 163.49 65.9225
884 502 576.02 143.90 465 505.88 176.55 77.3619
885 261 1553.05 177.69 252 1526.08 142.19 44.5794
886 214 1385.81 246.68 252 1526.08 142.19 174.9076
887 670 927.25 139.64 655 891.47 154.97 38.9235
888 661 91.62 139.35 137 113.76 184.79 50.5412
889 10 0.19 184.22 661 91.62 139.35 101.8421
890 333 263.40 134.53 336 271.92 154.40 21.6242
891 333 263.40 134.53 314 230.75 150.14 36.1953
892 309 220.24 128.85 314 230.75 150.14 23.7459
893 525 622.87 148.16 520 614.63 128.00 21.7765
894 520 614.63 128.00 502 576.02 143.90 41.8024
895 95 1030.32 168.88 87 1011.30 127.71 45.3539
896 658 900.56 174.85 87 1011.30 127.71 120.3501
897 194 1286.72 152.13 188 1277.63 127.71 26.0544
898 188 1277.63 127.71 169 1216.87 160.08 68.8470
899 655 891.47 154.97 649 878.41 127.15 30.7390
900 649 878.41 127.15 635 844.91 144.75 37.8482
901 230 143.86 171.16 180 125.12 126.29 48.6192
902 661 91.62 139.35 180 125.12 126.29 35.9607
903 340 281.00 126.01 333 263.40 134.53 19.5568
904 683 960.19 125.44 670 927.25 139.64 35.8664
905 548 678.52 118.63 525 622.87 148.16 63.0835
906 149 1164.62 163.49 141 1142.76 118.34 50.1618
907 141 1142.76 118.34 95 1030.32 168.88 123.2767
908 252 1526.08 142.19 50 1559.87 118.06 41.5232
909 387 370.73 161.22 376 350.29 116.92 48.7847
910 336 271.92 154.40 376 350.29 116.92 86.8688
911 621 819.35 114.65 629 834.12 148.72 37.1343
912 621 819.35 114.65 589 751.21 144.75 74.4961
913 664 915.89 113.52 670 927.25 139.64 28.4846
914 649 878.41 127.15 664 915.89 113.52 39.8811
915 252 1526.08 142.19 246 1503.08 112.38 37.6539
916 451 478.63 110.68 465 505.88 176.55 71.2908
917 387 370.73 161.22 451 478.63 110.68 119.1477
918 680 952.81 108.97 683 960.19 125.44 18.0475
919 83 1001.64 106.70 87 1011.30 127.71 23.1232
920 683 960.19 125.44 83 1001.64 106.70 45.4941
921 296 198.38 163.77 274 171.12 106.42 63.5035
922 180 125.12 126.29 274 171.12 106.42 50.1087
923 244 1497.40 105.57 246 1503.08 112.38 8.8705
924 244 1497.40 105.57 209 1358.27 207.78 172.6436
925 335 271.35 104.43 340 281.00 126.01 23.6404
926 309 220.24 128.85 335 271.35 104.43 56.6429
927 548 678.52 118.63 545 671.71 103.86 16.2616
928 520 614.63 128.00 545 671.71 103.86 61.9651
929 202 1327.61 167.46 220 1400.29 103.29 98.3977
930 274 171.12 106.42 279 177.93 102.44 7.8892
931 664 915.89 113.52 680 952.81 108.97 45.8747
932 579 730.20 99.32 589 751.21 144.75 50.0540
933 579 730.20 99.32 548 678.52 118.63 55.3694
934 369 341.20 97.62 376 350.29 116.92 21.3390
935 340 281.00 126.01 369 341.20 97.62 66.5558
936 644 862.51 95.34 621 819.35 114.65 47.2808
937 661 91.62 139.35 561 70.89 93.64 50.1939
938 97 1037.42 91.37 83 1001.64 106.70 38.9235
939 229 1424.14 91.37 220 1400.29 103.29 26.6662
940 301 201.50 90.23 309 220.24 128.85 42.9228
941 301 201.50 90.23 279 177.93 102.44 26.5419
942 83 1001.64 106.70 692 993.69 89.67 18.8001
943 680 952.81 108.97 692 993.69 89.67 45.2168
944 407 411.05 87.39 390 375.84 83.99 49.3842
945 369 341.20 97.62 390 375.84 83.99 37.2253
946 561 70.89 93.64 676 94.74 82.28 26.4170
947 572 722.25 81.72 579 730.20 99.32 19.3162
948 545 671.71 103.86 572 722.25 81.72 55.1808
949 579 730.20 99.32 599 772.79 80.01 46.7630
950 692 993.69 89.67 689 990.85 80.01 10.0628
951 487 549.33 78.59 502 576.02 143.90 70.5497
952 451 478.63 110.68 487 549.33 78.59 77.6407
953 369 341.20 97.62 362 332.11 77.74 21.8541
954 335 271.35 104.43 362 332.11 77.74 66.4525
955 617 810.84 74.33 599 772.79 80.01 39.8403
956 93 1029.47 73.20 97 1037.42 91.37 19.8351
957 141 1142.76 118.34 132 1123.17 72.06 50.2581
958 132 1123.17 72.06 87 1011.30 127.71 126.0469
959 113 1080.58 71.49 97 1037.42 91.37 47.5156
960 239 1470.14 70.36 244 1497.40 105.57 44.5269
961 239 1470.14 70.36 229 1424.14 91.37 50.5699
962 400 403.10 69.79 407 411.05 87.39 19.3162
963 390 375.84 83.99 400 403.10 69.79 30.7337
964 188 1277.63 127.71 181 1250.66 69.51 64.1540
965 181 1250.66 69.51 141 1142.76 118.34 118.4351
966 246 1503.08 112.38 52 1559.87 69.22 71.3271
967 220 1400.29 103.29 213 1384.96 68.09 38.4022
968 213 1384.96 68.09 188 1277.63 127.71 124.4300
969 435 457.05 66.95 451 478.63 110.68 48.7616
970 407 411.05 87.39 435 457.05 66.95 50.3366
971 689 990.85 80.01 93 1029.47 73.20 46.2910
972 572 722.25 81.72 591 758.02 64.11 39.8730
973 240 1480.36 64.11 239 1470.14 70.36 11.9794
974 599 772.79 80.01 595 765.97 61.84 19.4078
975 595 765.97 61.84 591 758.02 64.11 8.2684
976 506 585.10 60.99 520 614.63 128.00 73.2278
977 487 549.33 78.59 506 585.10 60.99 39.8730
978 567 713.73 59.57 572 722.25 81.72 23.7289
979 545 671.71 103.86 567 713.73 59.57 79.5240
980 638 846.61 59.00 644 862.51 95.34 39.6703
981 617 810.84 74.33 638 846.61 59.00 38.9235
982 229 1424.14 91.37 227 1423.01 56.16 35.2268
983 213 1384.96 68.09 227 1423.01 56.16 41.2392
984 132 1123.17 72.06 153 1172.86 55.88 52.9968
985 279 177.93 102.44 257 154.37 55.59 52.4435
986 676 94.74 82.28 257 154.37 55.59 65.3283
987 110 1072.06 55.59 113 1080.58 71.49 18.0385
988 93 1029.47 73.20 110 1072.06 55.59 46.0857
989 476 52.72 53.89 561 70.89 93.64 43.7082
990 130 1115.79 53.89 132 1123.17 72.06 19.6144
991 113 1080.58 71.49 130 1115.79 53.89 39.3643
992 426 447.96 49.35 435 457.05 66.95 19.8108
993 400 403.10 69.79 426 447.96 49.35 49.3009
994 240 1480.36 64.11 249 1512.17 47.64 35.8123
995 612 800.05 46.51 617 810.84 74.33 29.8447
996 595 765.97 61.84 612 800.05 46.51 37.3637
997 644 862.51 95.34 685 973.82 44.24 122.4777
998 676 94.74 82.28 592 76.57 43.67 42.6779
999 592 76.57 43.67 476 52.72 53.89 25.9490
1000 281 179.92 43.67 301 201.50 90.23 51.3232
1001 257 154.37 55.59 281 179.92 43.67 28.2002
1002 227 1423.01 56.16 226 1423.01 40.83 15.3327
1003 241 1481.50 39.12 240 1480.36 64.11 25.0125
1004 226 1423.01 40.83 241 1481.50 39.12 58.5164
1005 362 332.11 77.74 354 313.94 38.56 43.1924
1006 354 313.94 38.56 301 201.50 90.23 123.7468
1007 162 1196.14 36.57 153 1172.86 55.88 30.2472
1008 146 1157.81 35.15 130 1115.79 53.89 46.0122
1009 455 483.45 34.30 435 457.05 66.95 56.8242
1010 455 483.45 34.30 426 447.96 49.35 38.5510
1011 241 1481.50 39.12 249 1512.17 47.64 42.4063
1012 153 1172.86 55.88 148 1162.64 32.03 25.9491
1013 148 1162.64 32.03 146 1157.81 35.15 5.7493
1014 591 758.02 64.11 585 744.96 31.74 34.9049
1015 426 447.96 49.35 421 439.44 31.17 20.0695
1016 400 403.10 69.79 421 439.44 31.17 67.4561
1017 130 1115.79 53.89 124 1106.13 30.61 25.2051
1018 630 834.69 30.04 638 846.61 59.00 31.3210
1019 612 800.05 46.51 630 834.69 30.04 38.3560
1020 51 1559.87 37.42 260 1551.35 29.47 11.6519
1021 260 1551.35 29.47 249 1512.17 47.64 43.1925
1022 463 501.06 25.78 455 483.45 34.30 19.5568
1023 158 1184.22 24.64 148 1162.64 32.03 22.8073
1024 175 1230.78 23.51 181 1250.66 69.51 50.1087
1025 162 1196.14 36.57 175 1230.78 23.51 37.0212
1026 592 76.57 43.67 160 119.73 22.66 48.0017
1027 612 800.05 46.51 607 789.82 22.66 25.9490
1028 585 744.96 31.74 607 789.82 22.66 46.7428
1029 506 585.10 60.99 497 569.20 21.80 42.2869
1030 159 1189.89 21.80 162 1196.14 36.57 16.0319
1031 158 1184.22 24.64 159 1189.89 21.80 6.3490
1032 210 1361.96 17.83 213 1384.96 68.09 55.2698
1033 181 1250.66 69.51 210 1361.96 17.83 122.7158
1034 144 1149.29 14.14 146 1157.81 35.15 22.6725
1035 124 1106.13 30.61 144 1149.29 14.14 46.1941
1036 630 834.69 30.04 647 869.33 13.57 38.3560
1037 476 52.72 53.89 367 34.55 13.00 44.7437
1038 557 694.42 11.87 567 713.73 59.57 51.4612
1039 557 694.42 11.87 506 585.10 60.99 119.8460
1040 479 530.59 11.58 497 569.20 21.80 57.4446
1041 463 501.06 25.78 479 530.59 11.58 32.7652
1042 110 1072.06 55.59 99 1051.62 9.03 50.8561
1043 99 1051.62 9.03 685 973.82 44.24 85.3954
1044 175 1230.78 23.51 184 1262.58 8.17 35.3046
1045 421 439.44 31.17 463 501.06 25.78 78.6345
1046 171 1222.83 4.77 175 1230.78 23.51 20.3567
1047 159 1189.89 21.80 171 1222.83 4.77 37.0821
1048 269 160.05 3.92 281 179.92 43.67 44.4436
1049 160 119.73 22.66 269 160.05 3.92 44.4617
1050 155 1173.99 3.06 158 1184.22 24.64 23.8779
1051 144 1149.29 14.14 155 1173.99 3.06 27.0712
1052 647 869.33 13.57 76 862.51 1.64 13.7351
1053 421 439.44 31.17 65 426.67 1.36 32.4363
1054 497 569.20 21.80 70 626.56 1.36 60.8902
1055 367 34.55 13.00 60 27.16 1.08 14.0256
1056 367 34.55 13.00 69 60.67 1.08 28.7158
1057 281 179.92 43.67 61 270.21 1.08 99.8337
1058 354 313.94 38.56 62 295.20 1.08 41.9039
1059 585 744.96 31.74 575 727.93 1.08 35.0800
1060 575 727.93 1.08 557 694.42 11.87 35.1993
1061 607 789.82 22.66 74 781.87 1.08 22.9973
1062 647 869.33 13.57 77 897.72 1.08 31.0210
1063 685 973.82 44.24 78 955.08 1.08 47.0518
1064 99 1051.62 9.03 22 1073.76 1.08 23.5311
1065 124 1106.13 30.61 23 1092.50 1.08 32.5231
1066 260 1551.35 29.47 36 1532.04 1.08 34.3367
1067 354 313.94 38.56 64 390.32 0.79 85.2055
1068 479 530.59 11.58 67 552.17 0.79 24.1265
1069 497 569.20 21.80 68 558.98 0.79 23.3660
1070 184 1262.58 8.17 31 1272.24 0.79 12.1531
1071 210 1361.96 17.83 32 1355.15 0.79 18.3487
1072 160 119.73 22.66 26 112.91 0.51 23.1720
1073 557 694.42 11.87 72 688.74 0.51 12.6982
1074 630 834.69 30.04 75 822.19 0.51 32.0638
1075 210 1361.96 17.83 33 1401.43 0.51 43.1008
1076 226 1423.01 40.83 34 1422.44 -0.06 40.8912
1077 119 1101.69 1388.81 170 1217.29 1297.80 147.1244
1078 119 1101.69 1388.81 24 1103.56 1555.11 166.3118
1079 261 1553.05 177.69 45 1558.86 173.26 7.3003
1080 260 1551.35 29.47 53 1560.02 25.40 9.5740
1081 184 1262.58 8.17 30 1256.19 1.85 8.9882
1082 171 1222.83 4.77 29 1231.49 0.69 9.5654
1083 171 1222.83 4.77 28 1218.75 1.08 5.5023
1084 269 160.05 3.92 58 167.14 0.69 7.7936
1085 610 8.42 384.96 9 0.03 389.60 9.5833
1086 397 4.45 333.85 8 -0.90 337.15 6.2819
