1 118 414.75 1509.58 26 605.54 1561.04 197.6981
2 118 414.75 1509.58 21 368.30 1559.79 70.2669
3 82 1444.53 1447.28 7 1459.94 1485.81 41.4918
4 82 1444.53 1447.28 11 1558.18 1418.39 117.2616
5 129 58.29 1415.19 23 45.76 1558.02 143.3746
6 134 600.52 1397.87 118 414.75 1509.58 217.5757
7 105 251.57 1358.95 134 600.52 1397.87 354.9247
8 105 251.57 1358.95 19 241.53 1420.46 62.3197
9 68 1315.48 1349.05 10 1558.18 1335.56 247.1054
10 42 1111.30 1325.93 68 1315.48 1349.05 206.4985
11 42 1111.30 1325.93 82 1444.53 1447.28 371.9888
12 159 893.64 1322.08 31 918.68 1559.00 257.4679
13 134 600.52 1397.87 159 893.64 1322.08 302.7582
14 81 144.57 1316.81 105 251.57 1358.95 115.0020
15 129 58.29 1415.19 81 144.57 1316.81 131.0390
16 159 893.64 1322.08 42 1111.30 1325.93 221.7291
17 81 144.57 1316.81 121 45.76 1267.41 111.2850
18 158 89.35 1264.51 121 45.76 1267.41 43.6873
19 158 89.35 1264.51 70 132.32 1261.05 43.1116
20 104 231.02 1262.37 97 200.11 1261.05 30.9441
21 97 200.11 1261.05 81 144.57 1316.81 79.9622
22 70 132.32 1261.05 97 200.11 1261.05 67.7814
23 112 323.48 1260.44 104 231.02 1262.37 92.4781
24 120 415.94 1258.51 112 323.48 1260.44 92.4781
25 149 787.70 1258.51 143 697.16 1260.44 90.5523
26 128 510.32 1256.59 120 415.94 1258.51 94.4039
27 143 697.16 1260.44 135 600.85 1256.59 96.3875
28 135 600.85 1256.59 128 510.32 1256.59 90.5318
29 159 893.64 1322.08 160 895.56 1256.59 65.5195
30 68 1315.48 1349.05 66 1313.55 1254.66 94.4039
31 66 1313.55 1254.66 54 1267.32 1254.66 46.2290
32 166 988.02 1252.74 160 895.56 1256.59 92.5383
33 39 1080.48 1252.74 166 988.02 1252.74 92.4581
34 54 1267.32 1254.66 47 1174.86 1252.74 92.4782
35 47 1174.86 1252.74 39 1080.48 1252.74 94.3842
36 90 1538.92 1250.81 9 1556.25 1252.74 17.4426
37 90 1538.92 1250.81 85 1454.16 1250.81 84.7532
38 85 1454.16 1250.81 75 1359.78 1248.88 94.4039
39 75 1359.78 1248.88 66 1313.55 1254.66 46.5888
40 104 231.02 1262.37 101 225.24 1058.19 204.2600
41 112 323.48 1260.44 110 319.63 1058.19 202.2886
42 101 225.24 1058.19 110 319.63 1058.19 94.3842
43 61 130.86 1056.26 101 225.24 1058.19 94.4039
44 70 132.32 1261.05 61 130.86 1056.26 204.7903
45 110 319.63 1058.19 119 415.94 1056.26 96.3297
46 120 415.94 1258.51 119 415.94 1056.26 202.2521
47 128 510.32 1256.59 125 508.40 1056.26 200.3351
48 119 415.94 1056.26 125 508.40 1056.26 92.4581
49 61 130.86 1056.26 161 98.07 1055.27 32.8040
50 158 89.35 1264.51 161 98.07 1055.27 209.4160
51 135 600.85 1256.59 137 606.63 1054.34 202.3345
52 125 508.40 1056.26 137 606.63 1054.34 98.2555
53 143 697.16 1260.44 142 697.16 1052.41 208.0306
54 137 606.63 1054.34 142 697.16 1052.41 90.5524
55 149 787.70 1258.51 151 789.62 1052.41 206.1135
56 142 697.16 1052.41 151 789.62 1052.41 92.4581
57 160 895.56 1256.59 152 882.08 1050.48 213.3001
58 151 789.62 1052.41 152 882.08 1050.48 92.4781
59 166 988.02 1252.74 162 986.10 1050.48 202.2611
60 152 882.08 1050.48 162 986.10 1050.48 104.0153
61 39 1080.48 1252.74 38 1080.48 1050.48 202.2520
62 162 986.10 1050.48 38 1080.48 1050.48 94.3843
63 47 1174.86 1252.74 43 1171.01 1048.56 204.2146
64 38 1080.48 1050.48 43 1171.01 1048.56 90.5522
65 54 1267.32 1254.66 52 1265.40 1048.56 206.1135
66 43 1171.01 1048.56 52 1265.40 1048.56 94.3843
67 91 1544.70 1048.56 90 1538.92 1250.81 202.3346
68 91 1544.70 1048.56 14 1560.11 1048.56 15.4097
69 66 1313.55 1254.66 69 1317.40 1046.63 208.0663
70 52 1265.40 1048.56 69 1317.40 1046.63 52.0433
71 75 1359.78 1248.88 74 1359.78 1046.63 202.2520
72 69 1317.40 1046.63 74 1359.78 1046.63 42.3766
73 84 1454.16 1046.63 91 1544.70 1048.56 90.5523
74 85 1454.16 1250.81 84 1454.16 1046.63 204.1782
75 74 1359.78 1046.63 84 1454.16 1046.63 94.3843
76 161 98.07 1055.27 34 106.79 860.57 194.8994
77 61 130.86 1056.26 59 128.93 857.86 198.4089
78 59 128.93 857.86 34 106.79 860.57 22.3092
79 101 225.24 1058.19 103 229.10 857.86 200.3628
80 59 128.93 857.86 103 229.10 857.86 100.1629
81 110 319.63 1058.19 111 321.55 855.94 202.2612
82 103 229.10 857.86 111 321.55 855.94 92.4781
83 119 415.94 1056.26 117 414.01 855.94 200.3350
84 111 321.55 855.94 117 414.01 855.94 92.4580
85 125 508.40 1056.26 126 508.40 855.94 200.3257
86 117 414.01 855.94 126 508.40 855.94 94.3843
87 137 606.63 1054.34 136 602.78 855.94 198.4370
88 126 508.40 855.94 136 602.78 855.94 94.3842
89 142 697.16 1052.41 144 699.09 855.94 196.4828
90 136 602.78 855.94 144 699.09 855.94 96.3105
91 151 789.62 1052.41 145 785.77 855.94 196.5111
92 144 699.09 855.94 145 785.77 855.94 86.6794
93 162 986.10 1050.48 163 986.10 852.08 198.3996
94 154 884.01 850.16 163 986.10 852.08 102.1073
95 152 882.08 1050.48 154 884.01 850.16 200.3351
96 145 785.77 855.94 154 884.01 850.16 98.4064
97 69 1317.40 1046.63 67 1313.55 850.16 196.5112
98 38 1080.48 1050.48 36 1078.55 848.23 202.2612
99 163 986.10 852.08 36 1078.55 848.23 92.5383
100 43 1171.01 1048.56 48 1174.86 848.23 200.3628
101 36 1078.55 848.23 48 1174.86 848.23 96.3104
102 55 1267.32 846.31 67 1313.55 850.16 46.3892
103 55 1267.32 846.31 52 1265.40 1048.56 202.2611
104 48 1174.86 848.23 55 1267.32 846.31 92.4782
105 76 1361.71 846.31 74 1359.78 1046.63 200.3351
106 67 1313.55 850.16 76 1361.71 846.31 48.3091
107 76 1361.71 846.31 79 1404.08 844.38 42.4203
108 84 1454.16 1046.63 86 1454.16 844.38 202.2520
109 79 1404.08 844.38 86 1454.16 844.38 50.0814
110 92 1546.62 842.45 16 1562.03 844.38 15.5296
111 92 1546.62 842.45 91 1544.70 1048.56 206.1134
112 86 1454.16 844.38 92 1546.62 842.45 92.4781
113 34 106.79 860.57 50 118.41 660.05 200.8531
114 117 414.01 855.94 116 413.64 658.35 197.5890
115 126 508.40 855.94 127 509.70 658.35 197.5929
116 116 413.64 658.35 127 509.70 658.35 96.0630
117 103 229.10 857.86 102 225.24 657.54 200.3628
118 109 317.70 655.61 116 413.64 658.35 95.9783
119 111 321.55 855.94 109 317.70 655.61 200.3628
120 102 225.24 657.54 109 317.70 655.61 92.4781
121 136 602.78 855.94 133 600.33 654.72 201.2286
122 127 509.70 658.35 133 600.33 654.72 90.6980
123 144 699.09 855.94 141 692.77 654.72 201.3130
124 133 600.33 654.72 141 692.77 654.72 92.4380
125 145 785.77 855.94 148 787.02 654.72 201.2175
126 141 692.77 654.72 148 787.02 654.72 94.2505
127 154 884.01 850.16 153 883.08 652.91 197.2497
128 148 787.02 654.72 153 883.08 652.91 96.0801
129 163 986.10 852.08 165 986.39 645.66 206.4240
130 153 883.08 652.91 165 986.39 645.66 103.5671
131 36 1078.55 848.23 41 1082.46 645.66 202.6089
132 165 986.39 645.66 41 1082.46 645.66 96.0630
133 55 1267.32 846.31 58 1269.15 645.66 200.6534
134 67 1313.55 850.16 65 1312.65 645.66 204.4996
135 58 1269.15 645.66 65 1312.65 645.66 43.5002
136 79 1404.08 844.38 78 1404.08 644.05 200.3258
137 49 1174.89 643.85 58 1269.15 645.66 94.2679
138 48 1174.86 848.23 49 1174.89 643.85 204.3839
139 41 1082.46 645.66 49 1174.89 643.85 92.4558
140 86 1454.16 844.38 83 1454.02 643.85 200.5315
141 78 1404.08 644.05 83 1454.02 643.85 49.9380
142 77 1363.40 642.04 78 1404.08 644.05 40.7379
143 76 1361.71 846.31 77 1363.40 642.04 204.2771
144 65 1312.65 645.66 77 1363.40 642.04 50.8795
145 96 1548.27 642.04 92 1546.62 842.45 200.4245
146 83 1454.02 643.85 96 1548.27 642.04 94.2679
147 96 1548.27 642.04 13 1559.15 642.04 10.8751
148 50 118.41 660.05 51 124.22 456.63 203.5054
149 109 317.70 655.61 106 315.76 451.72 203.8982
150 99 223.33 449.91 106 315.76 451.72 92.4558
151 102 225.24 657.54 99 223.33 449.91 207.6365
152 51 124.22 456.63 99 223.33 449.91 99.3303
153 116 413.64 658.35 115 410.02 449.91 208.4701
154 106 315.76 451.72 115 410.02 449.91 94.2679
155 127 509.70 658.35 123 504.27 448.10 210.3214
156 115 410.02 449.91 123 504.27 448.10 94.2679
157 133 600.33 654.72 132 596.70 446.28 208.4701
158 123 504.27 448.10 132 596.70 446.28 92.4558
159 141 692.77 654.72 138 689.14 446.28 208.4701
160 132 596.70 446.28 138 689.14 446.28 92.4380
161 148 787.02 654.72 147 787.02 444.47 210.2511
162 138 689.14 446.28 147 787.02 444.47 97.8923
163 153 883.08 652.91 157 886.71 442.66 210.2824
164 147 787.02 444.47 157 886.71 442.66 99.7045
165 165 986.39 645.66 164 986.39 440.85 204.8136
166 157 886.71 442.66 164 986.39 440.85 99.7045
167 41 1082.46 645.66 40 1080.64 439.03 206.6340
168 164 986.39 440.85 40 1080.64 439.03 94.2679
169 49 1174.89 643.85 46 1173.08 439.03 204.8216
170 40 1080.64 439.03 46 1173.08 439.03 92.4380
171 58 1269.15 645.66 56 1267.33 437.22 208.4465
172 46 1173.08 439.03 56 1267.33 437.22 94.2679
173 65 1312.65 645.66 64 1312.65 437.22 208.4386
174 56 1267.33 437.22 64 1312.65 437.22 45.3127
175 77 1363.40 642.04 73 1357.96 435.41 206.6977
176 64 1312.65 437.22 73 1357.96 435.41 45.3490
177 83 1454.02 643.85 89 1455.83 433.60 210.2589
178 73 1357.96 435.41 89 1455.83 433.60 97.8923
179 95 1548.27 433.60 96 1548.27 642.04 208.4386
180 89 1455.83 433.60 95 1548.27 433.60 92.4380
181 95 1548.27 433.60 17 1562.77 431.78 14.6130
182 51 124.22 456.63 60 130.04 261.92 194.7910
183 99 223.33 449.91 98 221.51 255.97 193.9470
184 60 130.04 261.92 98 221.51 255.97 91.6717
185 106 315.76 451.72 107 317.58 252.35 199.3843
186 98 221.51 255.97 107 317.58 252.35 96.1314
187 115 410.02 449.91 113 406.39 252.35 197.5968
188 107 317.58 252.35 113 406.39 252.35 88.8130
189 123 504.27 448.10 122 504.27 248.72 199.3761
190 113 406.39 252.35 122 504.27 248.72 97.9426
191 138 689.14 446.28 140 690.97 247.89 198.4040
192 130 594.89 246.91 140 690.97 247.89 96.0842
193 132 596.70 446.28 130 594.89 246.91 199.3843
194 122 504.27 248.72 130 594.89 246.91 90.6436
195 147 787.02 444.47 146 787.02 246.91 197.5635
196 140 690.97 247.89 146 787.02 246.91 96.0518
197 157 886.71 442.66 155 884.89 245.10 197.5719
198 146 787.02 246.91 155 884.89 245.10 97.8923
199 164 986.39 440.85 167 988.21 243.28 197.5719
200 155 884.89 245.10 167 988.21 243.28 103.3289
201 40 1080.64 439.03 35 1077.02 239.66 199.4090
202 167 988.21 243.28 35 1077.02 239.66 88.8869
203 46 1173.08 439.03 44 1173.08 239.66 199.3761
204 35 1077.02 239.66 44 1173.08 239.66 96.0630
205 64 1312.65 437.22 63 1312.65 239.66 197.5636
206 53 1265.52 237.85 63 1312.65 239.66 47.1601
207 56 1267.33 437.22 53 1265.52 237.85 199.3843
208 44 1173.08 239.66 53 1265.52 237.85 92.4558
209 73 1357.96 435.41 71 1357.96 236.03 199.3760
210 63 1312.65 239.66 71 1357.96 236.03 45.4575
211 89 1455.83 433.60 87 1455.83 236.03 197.5635
212 71 1357.96 236.03 87 1455.83 236.03 97.8755
213 93 1548.27 236.03 95 1548.27 433.60 197.5635
214 87 1455.83 236.03 93 1548.27 236.03 92.4380
215 93 1548.27 236.03 12 1559.15 236.03 10.8751
216 60 130.04 261.92 80 141.66 55.60 206.6557
217 98 221.51 255.97 100 223.33 49.34 206.6340
218 80 141.66 55.60 100 223.33 49.34 81.9054
219 107 317.58 252.35 108 317.58 49.34 203.0011
220 100 223.33 49.34 108 317.58 49.34 94.2505
221 113 406.39 252.35 114 406.39 47.53 204.8136
222 108 317.58 49.34 114 406.39 47.53 88.8315
223 122 504.27 248.72 124 504.27 47.53 201.1886
224 114 406.39 47.53 124 504.27 47.53 97.8755
225 130 594.89 246.91 131 594.89 43.91 203.0011
226 124 504.27 47.53 131 594.89 43.91 90.6980
227 140 690.97 247.89 139 690.95 43.91 203.9816
228 131 594.89 43.91 139 690.95 43.91 96.0630
229 146 787.02 246.91 150 788.83 40.28 206.6341
230 139 690.95 43.91 150 788.83 40.28 97.9426
231 155 884.89 245.10 156 886.71 40.28 204.8216
232 150 788.83 40.28 156 886.71 40.28 97.8755
233 167 988.21 243.28 168 988.21 40.28 203.0011
234 156 886.71 40.28 168 988.21 40.28 101.5005
235 35 1077.02 239.66 37 1078.83 36.66 203.0092
236 168 988.21 40.28 37 1078.83 36.66 90.6980
237 44 1173.08 239.66 45 1173.08 36.66 203.0011
238 37 1078.83 36.66 45 1173.08 36.66 94.2505
239 53 1265.52 237.85 57 1269.15 34.84 203.0334
240 45 1173.08 36.66 57 1269.15 34.84 96.0801
241 63 1312.65 239.66 62 1310.83 34.84 204.8216
242 57 1269.15 34.84 62 1310.83 34.84 41.6877
243 71 1357.96 236.03 72 1357.96 33.03 203.0011
244 62 1310.83 34.84 72 1357.96 33.03 47.1601
245 87 1455.83 236.03 88 1455.83 33.03 203.0011
246 72 1357.96 33.03 88 1455.83 33.03 97.8755
247 94 1548.27 29.41 93 1548.27 236.03 206.6261
248 88 1455.83 33.03 94 1548.27 29.41 92.5090
249 94 1548.27 29.41 15 1560.96 29.41 12.6876
250 121 45.76 1267.41 27 66.10 6.19 1286.7274
251 121 45.76 1267.41 32 98.07 6.19 1262.3112
252 80 141.66 55.60 5 144.57 6.19 49.4880
253 108 317.58 49.34 20 315.76 4.03 45.3490
254 150 788.83 40.28 29 787.02 4.03 36.2955
255 57 1269.15 34.84 2 1267.33 4.03 30.8659
256 72 1357.96 33.03 4 1357.96 4.03 29.0002
257 88 1455.83 33.03 6 1455.83 4.03 29.0002
258 100 223.33 49.34 18 221.51 2.22 47.1601
259 114 406.39 47.53 22 410.02 2.22 45.4575
260 124 504.27 47.53 24 502.45 2.22 45.3490
261 139 690.95 43.91 28 690.95 2.22 41.6877
262 156 886.71 40.28 30 886.71 2.22 38.0627
263 168 988.21 40.28 33 984.58 2.22 38.2349
264 37 1078.83 36.66 0 1078.83 2.22 34.4377
265 45 1173.08 36.66 1 1174.89 2.22 34.4853
266 94 1548.27 29.41 8 1550.08 2.22 27.2480
267 131 594.89 43.91 25 591.27 0.41 43.6510
268 62 1310.83 34.84 3 1310.83 0.41 34.4377
269 121 45.76 1267.41 129 58.29 1415.19 148.7069
270 102 225.24 657.54 50 118.41 660.05 106.8606
271 160 895.56 1256.59 149 787.70 1258.51 107.9744
