1 236 151.80 1524.41 32 57.25 1560.07 101.0468
2 236 151.80 1524.41 261 228.93 1504.50 79.6555
3 399 558.47 1497.05 456 681.01 1494.06 122.5787
4 456 681.01 1494.06 565 904.75 1492.35 223.7421
5 399 558.47 1497.05 380 462.80 1492.06 95.7985
6 261 228.93 1504.50 380 462.80 1492.06 235.1335
7 70 1020.88 1488.08 565 904.75 1492.35 116.2161
8 292 301.08 1460.55 261 228.93 1504.50 93.0014
9 287 255.46 1461.38 292 301.08 1460.55 45.6213
10 256 155.11 1458.89 287 255.46 1461.38 100.3810
11 256 155.11 1458.89 236 151.80 1524.41 65.6019
12 182 1300.55 1456.91 70 1020.88 1488.08 312.1595
13 69 1020.46 1453.50 182 1300.55 1456.91 280.8450
14 70 1020.88 1488.08 69 1020.46 1453.50 34.5877
15 182 1300.55 1456.91 217 1397.48 1451.36 97.0825
16 242 1523.43 1444.10 217 1397.48 1451.36 146.9081
17 242 1523.43 1444.10 20 1559.30 1439.83 36.1193
18 255 155.11 1434.84 256 155.11 1458.89 24.0509
19 6 0.03 1487.08 255 155.11 1434.84 163.6514
20 71 1023.87 1433.86 69 1020.46 1453.50 19.9358
21 292 301.08 1460.55 320 361.58 1426.12 89.0073
22 398 553.34 1424.46 399 558.47 1497.05 72.7666
23 381 463.63 1420.74 398 553.34 1424.46 89.7928
24 380 462.80 1492.06 381 463.63 1420.74 71.3281
25 381 463.63 1420.74 320 361.58 1426.12 102.1864
26 565 904.75 1492.35 564 904.32 1410.80 81.5536
27 515 793.73 1409.52 564 904.32 1410.80 110.5943
28 417 570.00 1406.96 398 553.34 1424.46 24.1609
29 462 681.86 1406.96 515 793.73 1409.52 111.8971
30 456 681.01 1494.06 462 681.86 1406.96 87.1073
31 462 681.86 1406.96 417 570.00 1406.96 111.8679
32 71 1023.87 1433.86 66 1018.75 1398.84 35.3849
33 66 1018.75 1398.84 564 904.32 1410.80 115.0525
34 217 1397.48 1451.36 191 1321.90 1398.84 116.0276
35 191 1321.90 1398.84 71 1023.87 1433.86 328.9975
36 178 1298.84 1398.84 191 1321.90 1398.84 23.0568
37 178 1298.84 1398.84 149 1204.06 1396.28 94.8233
38 255 155.11 1434.84 251 154.28 1395.86 38.9877
39 191 1321.90 1398.84 229 1400.04 1395.85 78.1939
40 107 1111.83 1395.43 149 1204.06 1396.28 92.2309
41 66 1018.75 1398.84 107 1111.83 1395.43 93.1435
42 287 255.46 1461.38 282 254.63 1395.03 66.3524
43 282 254.63 1395.03 251 154.28 1395.86 100.3536
44 338 39.69 1395.00 251 154.28 1395.86 114.5965
45 312 347.18 1394.81 320 361.58 1426.12 43.1688
46 312 347.18 1394.81 282 254.63 1395.03 92.5408
47 7 0.41 1394.15 338 39.69 1395.00 39.2911
48 257 1550.76 1384.33 242 1523.43 1444.10 66.8424
49 229 1400.04 1395.85 257 1550.76 1384.33 152.4541
50 257 1550.76 1384.33 25 1561.01 1379.20 11.4570
51 564 904.32 1410.80 569 906.03 1357.00 53.8262
52 68 1020.46 1357.00 66 1018.75 1398.84 41.8786
53 569 906.03 1357.00 68 1020.46 1357.00 114.4297
54 107 1111.83 1395.43 106 1111.83 1357.00 38.4279
55 68 1020.46 1357.00 106 1111.83 1357.00 91.3730
56 181 1299.70 1357.00 178 1298.84 1398.84 41.8525
57 156 1205.76 1356.15 181 1299.70 1357.00 93.9387
58 149 1204.06 1396.28 156 1205.76 1356.15 40.1722
59 106 1111.83 1357.00 156 1205.76 1356.15 93.9387
60 251 154.28 1395.86 250 154.12 1352.30 43.5549
61 417 570.00 1406.96 419 570.85 1352.30 54.6597
62 378 461.12 1351.88 419 570.85 1352.30 109.7337
63 381 463.63 1420.74 378 461.12 1351.88 68.9074
64 516 794.16 1351.88 569 906.03 1357.00 111.9851
65 516 794.16 1351.88 515 793.73 1409.52 57.6433
66 516 794.16 1351.88 471 684.43 1351.45 109.7338
67 462 681.86 1406.96 471 684.43 1351.45 55.5660
68 419 570.85 1352.30 471 684.43 1351.45 113.5790
69 318 349.25 1351.02 378 461.12 1351.88 111.8711
70 312 347.18 1394.81 318 349.25 1351.02 43.8394
71 286 255.31 1350.17 318 349.25 1351.02 93.9387
72 282 254.63 1395.03 286 255.31 1350.17 44.8653
73 250 154.12 1352.30 286 255.31 1350.17 101.2159
74 156 1205.76 1356.15 155 1204.91 1319.43 36.7299
75 569 906.03 1357.00 568 906.03 1318.57 38.4279
76 181 1299.70 1357.00 180 1299.70 1317.72 39.2819
77 226 1398.76 1317.72 229 1400.04 1395.85 78.1472
78 578 943.60 1316.86 568 906.03 1318.57 37.6127
79 68 1020.46 1357.00 67 1019.60 1316.86 40.1448
80 67 1019.60 1316.86 578 943.60 1316.86 76.0018
81 82 1092.19 1316.86 67 1019.60 1316.86 72.5859
82 110 1113.54 1316.86 106 1111.83 1357.00 40.1721
83 110 1113.54 1316.86 82 1092.19 1316.86 21.3489
84 155 1204.91 1319.43 122 1135.74 1316.86 69.2176
85 122 1135.74 1316.86 110 1113.54 1316.86 22.2028
86 180 1299.70 1317.72 162 1278.35 1316.86 21.3659
87 162 1278.35 1316.86 155 1204.91 1319.43 73.4846
88 427 571.70 1316.44 419 570.85 1352.30 35.8761
89 568 906.03 1318.57 534 869.31 1316.01 36.8092
90 534 869.31 1316.01 510 792.45 1315.16 76.8605
91 510 792.45 1315.16 516 794.16 1351.88 36.7598
92 226 1398.76 1317.72 183 1320.19 1315.16 78.6054
93 180 1299.70 1317.72 183 1320.19 1315.16 20.6544
94 285 254.89 1314.73 286 255.31 1350.17 35.4415
95 310 346.26 1314.73 318 349.25 1351.02 36.4158
96 470 684.43 1314.73 471 684.43 1351.45 36.7200
97 310 346.26 1314.73 344 420.58 1314.17 74.3176
98 289 275.38 1313.87 310 346.26 1314.73 70.8832
99 285 254.89 1314.73 289 275.38 1313.87 20.5127
100 378 461.12 1351.88 369 458.98 1313.87 38.0609
101 344 420.58 1314.17 369 458.98 1313.87 38.4074
102 395 501.68 1313.87 427 571.70 1316.44 70.0710
103 369 458.98 1313.87 395 501.68 1313.87 42.6976
104 434 629.77 1313.87 470 684.43 1314.73 54.6596
105 427 571.70 1316.44 434 629.77 1313.87 58.1253
106 264 231.83 1313.02 285 254.89 1314.73 23.1199
107 338 39.69 1395.00 339 40.55 1312.17 82.8378
108 339 40.55 1312.17 2 -0.44 1313.02 40.9986
109 244 153.27 1311.31 264 231.83 1313.02 78.7937
110 244 153.27 1311.31 250 154.12 1352.30 40.9986
111 339 40.55 1312.17 244 153.27 1311.31 112.7250
112 510 792.45 1315.16 485 736.94 1310.89 55.6709
113 485 736.94 1310.89 470 684.43 1314.73 52.6585
114 538 871.01 1285.27 534 869.31 1316.01 30.7897
115 517 795.01 1283.56 538 871.01 1285.27 76.0210
116 517 795.01 1283.56 510 792.45 1315.16 31.6999
117 183 1320.19 1315.16 190 1321.90 1282.71 32.4951
118 121 1135.74 1281.85 122 1135.74 1316.86 35.0121
119 155 1204.91 1319.43 145 1203.20 1281.85 37.6126
120 145 1203.20 1281.85 121 1135.74 1281.85 67.4623
121 225 1398.76 1281.85 226 1398.76 1317.72 35.8660
122 190 1321.90 1282.71 225 1398.76 1281.85 76.8605
123 394 500.83 1281.42 395 501.68 1313.87 32.4614
124 426 571.70 1281.42 427 571.70 1316.44 35.0121
125 394 500.83 1281.42 426 571.70 1281.42 70.8781
126 517 795.01 1283.56 484 736.94 1281.00 58.1253
127 484 736.94 1281.00 485 736.94 1310.89 29.8884
128 160 1276.64 1281.00 162 1278.35 1316.86 35.9067
129 145 1203.20 1281.85 160 1276.64 1281.00 73.4449
130 431 624.65 1280.57 434 629.77 1313.87 33.6960
131 426 571.70 1281.42 431 624.65 1280.57 52.9520
132 54 1016.19 1280.14 67 1019.60 1316.86 36.8785
133 580 944.45 1279.29 54 1016.19 1280.14 71.7371
134 580 944.45 1279.29 578 943.60 1316.86 37.5837
135 289 275.38 1313.87 291 277.09 1277.15 36.7597
136 311 347.11 1277.15 310 346.26 1314.73 37.5837
137 311 347.11 1277.15 291 277.09 1277.15 70.0241
138 343 420.55 1277.15 344 420.58 1314.17 37.0110
139 311 347.11 1277.15 343 420.55 1277.15 73.4399
140 244 153.27 1311.31 249 154.12 1276.30 35.0224
141 262 230.98 1276.30 264 231.83 1313.02 36.7299
142 249 154.12 1276.30 262 230.98 1276.30 76.8558
143 82 1092.19 1316.86 78 1090.05 1247.27 69.6299
144 148 1203.63 1247.27 145 1203.20 1281.85 34.5877
145 538 871.01 1285.27 539 872.72 1246.84 38.4658
146 432 626.36 1246.41 431 624.65 1280.57 34.2008
147 104 1111.40 1246.41 78 1090.05 1247.27 21.3660
148 116 1133.60 1246.41 148 1203.63 1247.27 70.0294
149 121 1135.74 1281.85 116 1133.60 1246.41 35.5033
150 104 1111.40 1246.41 116 1133.60 1246.41 22.2028
151 539 872.72 1246.84 551 901.76 1245.99 29.0469
152 189 1321.90 1245.99 190 1321.90 1282.71 36.7200
153 432 626.36 1246.41 468 683.57 1245.56 57.2212
154 189 1321.90 1245.99 172 1297.56 1245.56 24.3414
155 484 736.94 1281.00 486 737.79 1245.35 35.6615
156 468 683.57 1245.56 486 737.79 1245.35 54.2139
157 539 872.72 1246.84 509 792.45 1245.13 80.2898
158 509 792.45 1245.13 517 795.01 1283.56 38.5132
159 486 737.79 1245.35 509 792.45 1245.13 54.6659
160 425 571.70 1244.70 432 626.36 1246.41 54.6796
161 426 571.70 1281.42 425 571.70 1244.70 36.7200
162 172 1297.56 1245.56 161 1277.07 1244.70 20.5127
163 161 1277.07 1244.70 160 1276.64 1281.00 36.2955
164 161 1277.07 1244.70 148 1203.63 1247.27 73.4846
165 576 942.75 1244.28 580 944.45 1279.29 35.0537
166 551 901.76 1245.99 576 942.75 1244.28 41.0253
167 56 1017.04 1244.28 576 942.75 1244.28 74.2939
168 78 1090.05 1247.27 56 1017.04 1244.28 73.0741
169 54 1016.19 1280.14 56 1017.04 1244.28 35.8763
170 225 1398.76 1281.85 224 1398.76 1244.28 37.5740
171 224 1398.76 1244.28 189 1321.90 1245.99 76.8747
172 343 420.55 1277.15 347 421.41 1243.85 33.3151
173 291 277.09 1277.15 290 277.09 1243.00 34.1581
174 347 421.41 1243.85 376 460.69 1243.00 39.2911
175 425 571.70 1244.70 393 499.97 1243.00 71.7524
176 393 499.97 1243.00 394 500.83 1281.42 38.4373
177 376 460.69 1243.00 393 499.97 1243.00 39.2818
178 263 231.83 1242.14 262 230.98 1276.30 34.1689
179 290 277.09 1243.00 284 254.89 1242.14 22.2192
180 284 254.89 1242.14 263 231.83 1242.14 23.0567
181 347 421.41 1243.85 309 346.26 1242.14 75.1673
182 309 346.26 1242.14 311 347.11 1277.15 35.0225
183 309 346.26 1242.14 290 277.09 1243.00 69.1755
184 254 154.97 1237.87 263 231.83 1242.14 77.4156
185 249 154.12 1276.30 254 154.97 1237.87 38.4375
186 254 154.97 1237.87 321 37.98 1237.02 116.9947
187 321 37.98 1237.02 339 40.55 1312.17 75.1915
188 224 1398.76 1244.28 223 1398.76 1214.39 29.8883
189 175 1298.42 1213.96 223 1398.76 1214.39 100.3404
190 175 1298.42 1213.96 172 1297.56 1245.56 31.6078
191 153 1204.48 1213.11 175 1298.42 1213.96 93.9387
192 153 1204.48 1213.11 148 1203.63 1247.27 34.1689
193 109 1112.26 1212.25 153 1204.48 1213.11 92.2308
194 109 1112.26 1212.25 104 1111.40 1246.41 34.1688
195 509 792.45 1245.13 508 792.45 1210.12 35.0121
196 551 901.76 1245.99 553 902.61 1210.12 35.8761
197 553 902.61 1210.12 508 792.45 1210.12 110.1600
198 62 1017.89 1210.12 109 1112.26 1212.25 94.3860
199 56 1017.04 1244.28 62 1017.89 1210.12 34.1688
200 62 1017.89 1210.12 553 902.61 1210.12 115.2836
201 508 792.45 1210.12 465 682.29 1207.56 110.1897
202 465 682.29 1207.56 468 683.57 1245.56 38.0226
203 465 682.29 1207.56 424 571.70 1207.13 110.5877
204 424 571.70 1207.13 425 571.70 1244.70 37.5740
205 368 458.98 1206.28 424 571.70 1207.13 112.7250
206 376 460.69 1243.00 368 458.98 1206.28 36.7597
207 368 458.98 1206.28 308 346.26 1204.57 112.7347
208 308 346.26 1204.57 309 346.26 1242.14 37.5739
209 248 154.12 1203.71 254 154.97 1237.87 34.1688
210 279 254.03 1203.71 308 346.26 1204.57 92.2309
211 284 254.89 1242.14 279 254.03 1203.71 38.4373
212 279 254.03 1203.71 248 154.12 1203.71 99.9125
213 321 37.98 1237.02 319 36.28 1181.51 55.5332
214 253 154.97 1181.51 248 154.12 1203.71 22.2192
215 319 36.28 1181.51 253 154.97 1181.51 118.6995
216 223 1398.76 1214.39 221 1397.90 1170.84 43.5600
217 109 1112.26 1212.25 108 1112.26 1170.41 41.8438
218 147 1203.63 1170.41 153 1204.48 1213.11 42.7062
219 147 1203.63 1170.41 108 1112.26 1170.41 91.3729
220 108 1112.26 1170.41 65 1018.75 1169.98 93.5088
221 65 1018.75 1169.98 62 1017.89 1210.12 40.1448
222 221 1397.90 1170.84 19 1558.45 1169.98 160.5454
223 171 1297.56 1169.56 221 1397.90 1170.84 100.3477
224 175 1298.42 1213.96 171 1297.56 1169.56 44.4137
225 171 1297.56 1169.56 147 1203.63 1170.41 93.9387
226 561 903.46 1168.28 65 1018.75 1169.98 115.2963
227 561 903.46 1168.28 553 902.61 1210.12 41.8525
228 561 903.46 1168.28 507 792.45 1165.71 111.0435
229 507 792.45 1165.71 508 792.45 1210.12 44.4055
230 308 346.26 1204.57 315 347.97 1163.58 41.0253
231 373 459.84 1163.58 368 458.98 1206.28 42.7062
232 373 459.84 1163.58 315 347.97 1163.58 111.8678
233 430 572.13 1163.15 424 571.70 1207.13 43.9806
234 373 459.84 1163.58 430 572.13 1163.15 112.2956
235 253 154.97 1181.51 252 154.97 1162.73 18.7870
236 315 347.97 1163.58 288 255.74 1162.73 92.2309
237 288 255.74 1162.73 279 254.03 1203.71 41.0253
238 252 154.97 1162.73 288 255.74 1162.73 100.7664
239 467 683.14 1162.30 507 792.45 1165.71 109.3593
240 467 683.14 1162.30 465 682.29 1207.56 45.2676
241 430 572.13 1163.15 467 683.14 1162.30 111.0171
242 247 154.12 1134.54 252 154.97 1162.73 28.1934
243 247 154.12 1134.54 294 34.99 1133.26 119.3463
244 294 34.99 1133.26 319 36.28 1181.51 48.2653
245 215 1397.05 1132.41 221 1397.90 1170.84 38.4373
246 294 34.99 1133.26 0 -0.02 1131.56 35.0537
247 170 1297.56 1130.28 215 1397.05 1132.41 99.5084
248 170 1297.56 1130.28 171 1297.56 1169.56 39.2819
249 103 1111.40 1129.42 108 1112.26 1170.41 40.9986
250 152 1204.48 1129.42 170 1297.56 1130.28 93.0849
251 152 1204.48 1129.42 147 1203.63 1170.41 40.9986
252 103 1111.40 1129.42 152 1204.48 1129.42 93.0808
253 64 1018.75 1128.14 103 1111.40 1129.42 92.6627
254 65 1018.75 1169.98 64 1018.75 1128.14 41.8438
255 64 1018.75 1128.14 560 903.46 1126.43 115.2963
256 560 903.46 1126.43 561 903.46 1168.28 41.8436
257 467 683.14 1162.30 461 681.86 1125.15 37.1689
258 513 793.30 1124.72 560 903.46 1126.43 110.1732
259 513 793.30 1124.72 507 792.45 1165.71 40.9986
260 461 681.86 1125.15 513 793.30 1124.72 111.4417
261 367 458.98 1123.44 373 459.84 1163.58 40.1449
262 423 571.70 1123.44 461 681.86 1125.15 110.1732
263 430 572.13 1163.15 423 571.70 1123.44 39.7112
264 367 458.98 1123.44 423 571.70 1123.44 112.7218
265 306 345.41 1121.74 367 458.98 1123.44 113.5886
266 306 345.41 1121.74 315 347.97 1163.58 41.9221
267 283 254.89 1120.88 306 345.41 1121.74 90.5230
268 288 255.74 1162.73 283 254.89 1120.88 41.8523
269 146 1203.63 1090.14 152 1204.48 1129.42 39.2910
270 560 903.46 1126.43 563 904.32 1089.71 36.7299
271 177 1298.84 1089.71 170 1297.56 1130.28 40.5830
272 563 904.32 1089.71 579 944.03 1089.29 39.7111
273 60 1017.47 1089.29 64 1018.75 1128.14 38.8760
274 60 1017.47 1089.29 579 944.03 1089.29 73.4399
275 77 1090.05 1089.29 60 1017.47 1089.29 72.5859
276 103 1111.40 1129.42 102 1111.40 1089.29 40.1357
277 102 1111.40 1089.29 77 1090.05 1089.29 21.3489
278 119 1134.46 1089.29 146 1203.63 1090.14 69.1754
279 119 1134.46 1089.29 102 1111.40 1089.29 23.0568
280 506 792.45 1088.86 513 793.30 1124.72 35.8763
281 563 904.32 1089.71 530 867.60 1088.86 36.7299
282 530 867.60 1088.86 506 792.45 1088.86 75.1479
283 165 1280.06 1088.86 177 1298.84 1089.71 18.8064
284 146 1203.63 1090.14 165 1280.06 1088.86 76.4394
285 215 1397.05 1132.41 214 1397.05 1088.86 43.5516
286 422 571.28 1088.00 423 571.70 1123.44 35.4415
287 458 681.44 1088.00 461 681.86 1125.15 37.1494
288 214 1397.05 1088.86 187 1321.05 1088.00 76.0066
289 187 1321.05 1088.00 177 1298.84 1089.71 22.2683
290 458 681.44 1088.00 444 647.28 1086.30 34.2008
291 444 647.28 1086.30 422 571.28 1088.00 76.0210
292 479 721.57 1086.30 506 792.45 1088.86 70.9243
293 479 721.57 1086.30 458 681.44 1088.00 40.1721
294 371 459.41 1085.44 367 458.98 1123.44 38.0033
295 422 571.28 1088.00 389 495.27 1085.44 76.0450
296 389 495.27 1085.44 371 459.41 1085.44 35.8660
297 278 254.03 1084.16 283 254.89 1120.88 36.7299
298 305 345.41 1084.16 306 345.41 1121.74 37.5739
299 305 345.41 1084.16 278 254.03 1084.16 91.3729
300 371 459.41 1085.44 352 424.40 1083.73 35.0537
301 352 424.40 1083.73 305 345.41 1084.16 78.9918
302 505 792.45 1058.97 506 792.45 1088.86 29.8883
303 579 944.03 1089.29 581 944.88 1056.84 32.4614
304 530 867.60 1088.86 529 867.60 1056.41 32.4502
305 529 867.60 1056.41 505 792.45 1058.97 75.1915
306 63 1018.32 1055.98 60 1017.47 1089.29 33.3151
307 581 944.88 1056.84 63 1018.32 1055.98 73.4449
308 81 1091.76 1055.13 77 1090.05 1089.29 34.2008
309 63 1018.32 1055.98 81 1091.76 1055.13 73.4450
310 120 1135.31 1055.13 119 1134.46 1089.29 34.1688
311 154 1204.91 1054.70 146 1203.63 1090.14 35.4622
312 120 1135.31 1055.13 154 1204.91 1054.70 69.5985
313 165 1280.06 1088.86 164 1280.06 1054.70 34.1581
314 164 1280.06 1054.70 154 1204.91 1054.70 75.1478
315 187 1321.05 1088.00 188 1321.90 1054.70 33.3151
316 220 1397.90 1054.70 23 1560.15 1058.97 162.3071
317 220 1397.90 1054.70 214 1397.05 1088.86 34.1688
318 188 1321.90 1054.70 220 1397.90 1054.70 76.0018
319 429 572.13 1053.85 422 571.28 1088.00 34.1689
320 390 496.13 1052.99 429 572.13 1053.85 76.0066
321 389 495.27 1085.44 390 496.13 1052.99 32.4614
322 444 647.28 1086.30 442 646.42 1052.99 33.3151
323 442 646.42 1052.99 429 572.13 1053.85 74.2988
324 480 722.43 1052.99 479 721.57 1086.30 33.3151
325 314 347.97 1051.71 305 345.41 1084.16 32.5513
326 349 423.12 1051.71 352 424.40 1083.73 32.0489
327 314 347.97 1051.71 349 423.12 1051.71 75.1479
328 505 792.45 1058.97 480 722.43 1052.99 72.7916
329 581 944.88 1056.84 577 943.60 1022.25 34.6088
330 63 1018.32 1055.98 61 1017.89 1021.40 34.5877
331 577 943.60 1022.25 61 1017.89 1021.40 74.2989
332 163 1279.20 1021.40 164 1280.06 1054.70 33.3151
333 220 1397.90 1054.70 213 1397.05 1020.54 34.1688
334 118 1134.46 1020.12 120 1135.31 1055.13 35.0225
335 442 646.42 1052.99 440 644.72 1019.69 33.3480
336 144 1203.20 1019.69 163 1279.20 1021.40 76.0210
337 154 1204.91 1054.70 144 1203.20 1019.69 35.0537
338 144 1203.20 1019.69 118 1134.46 1020.12 68.7445
339 213 1397.05 1020.54 186 1321.05 1019.69 76.0066
340 186 1321.05 1019.69 188 1321.90 1054.70 35.0225
341 81 1091.76 1055.13 80 1090.86 1019.39 35.7508
342 80 1090.86 1019.39 61 1017.89 1021.40 72.9971
343 390 496.13 1052.99 388 495.27 1018.83 34.1688
344 478 720.72 1018.83 480 722.43 1052.99 34.2008
345 533 869.31 1018.83 529 867.60 1056.41 37.6127
346 552 902.61 1018.83 577 943.60 1022.25 41.1318
347 533 869.31 1018.83 552 902.61 1018.83 33.3042
348 101 1110.97 1018.83 118 1134.46 1020.12 23.5187
349 101 1110.97 1018.83 80 1090.86 1019.39 20.1189
350 186 1321.05 1019.69 176 1298.84 1018.83 22.2192
351 176 1298.84 1018.83 163 1279.20 1021.40 19.8072
352 349 423.12 1051.71 350 423.97 1018.41 33.3150
353 421 571.28 1017.98 440 644.72 1019.69 73.4598
354 421 571.28 1017.98 429 572.13 1053.85 35.8761
355 388 495.27 1018.83 421 571.28 1017.98 76.0066
356 464 682.29 1017.98 478 720.72 1018.83 38.4374
357 440 644.72 1019.69 464 682.29 1017.98 37.6127
358 512 793.30 1017.98 533 869.31 1018.83 76.0066
359 505 792.45 1058.97 512 793.30 1017.98 40.9986
360 512 793.30 1017.98 478 720.72 1018.83 72.5910
361 375 460.69 1015.85 388 495.27 1018.83 34.7140
362 350 423.97 1018.41 375 460.69 1015.85 36.8093
363 350 423.97 1018.41 313 347.97 1014.14 76.1930
364 313 347.97 1014.14 314 347.97 1051.71 37.5739
365 277 254.03 1011.58 313 347.97 1014.14 93.9697
366 278 254.03 1084.16 277 254.03 1011.58 72.5861
367 227 1398.76 991.51 213 1397.05 1020.54 29.0846
368 552 902.61 1018.83 557 902.61 982.97 35.8660
369 174 1297.99 982.97 227 1398.76 991.51 102.0636
370 176 1298.84 1018.83 174 1297.99 982.97 35.8762
371 557 902.61 982.97 518 795.87 982.11 106.7476
372 518 795.87 982.11 512 793.30 1017.98 35.9574
373 95 1110.12 982.11 101 1110.97 1018.83 36.7299
374 174 1297.99 982.97 151 1204.06 982.11 93.9387
375 151 1204.06 982.11 144 1203.20 1019.69 37.5836
376 95 1110.12 982.11 151 1204.06 982.11 93.9348
377 59 1017.04 981.26 95 1110.12 982.11 93.0848
378 61 1017.89 1021.40 59 1017.04 981.26 40.1449
379 59 1017.04 981.26 557 902.61 982.97 114.4424
380 281 254.03 979.13 277 254.03 1011.58 32.4502
381 428 571.70 978.27 421 571.28 1017.98 39.7111
382 463 681.86 978.27 464 682.29 1017.98 39.7111
383 428 571.70 978.27 463 681.86 978.27 110.1599
384 463 681.86 978.27 518 795.87 982.11 114.5560
385 375 460.69 1015.85 370 458.98 977.42 38.4658
386 370 458.98 977.42 316 347.97 976.56 111.0172
387 316 347.97 976.56 313 347.97 1014.14 37.5739
388 316 347.97 976.56 281 254.03 979.13 93.9697
389 258 156.68 946.68 247 154.12 1134.54 187.8871
390 293 32.43 942.83 258 156.68 946.68 124.3096
391 294 34.99 1133.26 293 32.43 942.83 190.4488
392 293 32.43 942.83 259 17.06 941.98 15.3949
393 259 17.06 941.98 12 0.84 941.98 16.2251
394 216 1397.05 931.73 227 1398.76 991.51 59.8011
395 151 1204.06 982.11 150 1204.06 930.88 51.2372
396 216 1397.05 931.73 173 1297.99 930.88 99.0622
397 173 1297.99 930.88 174 1297.99 982.97 52.0911
398 150 1204.06 930.88 173 1297.99 930.88 93.9348
399 100 1110.55 928.74 150 1204.06 930.88 93.5323
400 95 1110.12 982.11 100 1110.55 928.74 53.3738
401 518 795.87 982.11 514 793.30 928.32 53.8600
402 58 1017.04 928.32 100 1110.55 928.74 93.5088
403 58 1017.04 928.32 59 1017.04 981.26 52.9451
404 525 860.77 927.46 514 793.30 928.32 67.4676
405 227 1398.76 991.51 243 1525.14 927.46 184.7321
406 370 458.98 977.42 377 460.69 927.03 50.4122
407 420 570.85 927.03 428 571.70 978.27 51.2443
408 377 460.69 927.03 420 570.85 927.03 110.1599
409 243 1525.14 927.46 24 1560.58 927.03 35.4417
410 566 905.17 926.61 58 1017.04 928.32 111.8808
411 557 902.61 982.97 566 905.17 926.61 56.4191
412 566 905.17 926.61 525 860.77 927.46 44.4138
413 514 793.30 928.32 457 681.01 926.18 112.3151
414 463 681.86 978.27 457 681.01 926.18 52.0981
415 420 570.85 927.03 457 681.01 926.18 110.1633
416 243 1525.14 927.46 234 1504.65 924.90 20.6544
417 234 1504.65 924.90 216 1397.05 931.73 108.4653
418 317 348.82 923.62 377 460.69 927.03 111.9200
419 316 347.97 976.56 317 348.82 923.62 52.9520
420 275 251.47 921.06 317 348.82 923.62 97.3843
421 281 254.03 979.13 275 251.47 921.06 58.1253
422 275 251.47 921.06 258 156.68 946.68 99.5378
423 525 860.77 927.46 524 859.91 877.08 50.3905
424 503 791.60 876.22 524 859.91 877.08 68.3216
425 514 793.30 928.32 503 791.60 876.22 52.1191
426 549 900.90 876.22 566 905.17 926.61 50.5638
427 549 900.90 876.22 524 859.91 877.08 40.9986
428 179 1299.27 874.94 173 1297.99 930.88 55.9486
429 216 1397.05 931.73 222 1398.33 874.94 56.8023
430 179 1299.27 874.94 222 1398.33 874.94 99.0586
431 457 681.01 926.18 460 681.44 872.81 53.3738
432 416 569.57 871.95 460 681.44 872.81 111.8711
433 416 569.57 871.95 420 570.85 927.03 55.0948
434 374 460.26 869.39 416 569.57 871.95 109.3360
435 374 460.26 869.39 377 460.69 927.03 57.6434
436 219 1397.48 839.93 222 1398.33 874.94 35.0225
437 168 1295.86 838.22 179 1299.27 874.94 36.8785
438 100 1110.55 928.74 105 1111.40 836.52 92.2308
439 157 1273.65 836.52 168 1295.86 838.22 22.2683
440 219 1397.48 839.93 185 1320.62 836.52 76.9316
441 168 1295.86 838.22 185 1320.62 836.52 24.8235
442 556 902.61 836.09 549 900.90 876.22 40.1721
443 143 1202.77 835.66 157 1273.65 836.52 70.8833
444 150 1204.06 930.88 143 1202.77 835.66 95.2243
445 143 1202.77 835.66 105 1111.40 836.52 91.3769
446 523 859.91 835.23 556 902.61 836.09 42.7062
447 524 859.91 877.08 523 859.91 835.23 41.8437
448 460 681.44 872.81 455 680.58 834.38 38.4373
449 379 461.12 833.53 374 460.26 869.39 35.8762
450 416 569.57 871.95 418 570.42 833.53 38.4373
451 455 680.58 834.38 436 630.20 833.53 50.3905
452 436 630.20 833.53 418 570.42 833.53 59.7767
453 523 859.91 835.23 511 792.45 833.53 67.4839
454 511 792.45 833.53 503 791.60 876.22 42.7062
455 379 461.12 833.53 341 419.27 832.67 41.8524
456 341 419.27 832.67 317 348.82 923.62 157.6355
457 418 570.42 833.53 384 493.57 832.67 76.8605
458 384 493.57 832.67 379 461.12 833.53 32.4614
459 511 792.45 833.53 481 730.11 832.67 62.3444
460 455 680.58 834.38 481 730.11 832.67 49.5587
461 272 250.62 831.39 275 251.47 921.06 89.6691
462 245 153.27 829.68 272 250.62 831.39 97.3656
463 245 153.27 829.68 258 156.68 946.68 117.0414
464 228 14.93 828.83 245 153.27 829.68 138.3430
465 259 17.06 941.98 228 14.93 828.83 113.1689
466 228 14.93 828.83 10 0.41 828.83 14.5172
467 522 857.78 802.36 523 859.91 835.23 32.9464
468 556 902.61 836.09 555 902.61 801.93 34.1581
469 555 902.61 801.93 522 857.78 802.36 44.8346
470 158 1274.51 800.65 157 1273.65 836.52 35.8762
471 218 1397.48 800.65 219 1397.48 839.93 39.2818
472 498 789.89 800.22 522 857.78 802.36 67.9228
473 511 792.45 833.53 498 789.89 800.22 33.4026
474 387 494.42 799.37 384 493.57 832.67 33.3151
475 105 1111.40 836.52 99 1110.55 798.94 37.5836
476 158 1274.51 800.65 142 1202.77 798.94 71.7524
477 142 1202.77 798.94 143 1202.77 835.66 36.7200
478 99 1110.55 798.94 142 1202.77 798.94 92.2269
479 192 1322.33 798.94 218 1397.48 800.65 75.1672
480 185 1320.62 836.52 192 1322.33 798.94 37.6127
481 403 567.86 798.51 418 570.42 833.53 35.1057
482 387 494.42 799.37 403 567.86 798.51 73.4449
483 483 733.53 798.51 498 789.89 800.22 56.3868
484 481 730.11 832.67 483 733.53 798.51 34.3284
485 435 630.20 797.66 436 630.20 833.53 35.8660
486 435 630.20 797.66 403 567.86 798.51 62.3444
487 159 1276.21 766.49 158 1274.51 800.65 34.2008
488 192 1322.33 798.94 184 1320.62 765.64 33.3480
489 483 733.53 798.51 482 731.82 765.21 33.3479
490 141 1201.92 764.78 159 1276.21 766.49 74.3135
491 142 1202.77 798.94 141 1201.92 764.78 34.1688
492 211 1395.77 764.78 218 1397.48 800.65 35.9067
493 184 1320.62 765.64 211 1395.77 764.78 75.1527
494 433 629.35 764.36 435 630.20 797.66 33.3151
495 141 1201.92 764.78 98 1110.55 763.93 91.3770
496 99 1110.55 798.94 98 1110.55 763.93 35.0121
497 482 731.82 765.21 459 681.44 763.50 50.4122
498 459 681.44 763.50 433 629.35 764.36 52.0981
499 498 789.89 800.22 502 791.17 763.08 37.1690
500 502 791.17 763.08 482 731.82 765.21 59.3881
501 559 903.04 763.08 555 902.61 801.93 38.8572
502 519 856.07 762.22 559 903.04 763.08 46.9752
503 522 857.78 802.36 519 856.07 762.22 40.1721
504 519 856.07 762.22 502 791.17 763.08 64.9060
505 184 1320.62 765.64 169 1296.71 762.22 24.1535
506 169 1296.71 762.22 159 1276.21 766.49 20.9349
507 341 419.27 832.67 342 420.13 761.79 70.8832
508 366 458.56 761.79 342 420.13 761.79 38.4279
509 382 492.71 761.79 387 494.42 799.37 37.6127
510 366 458.56 761.79 382 492.71 761.79 34.1581
511 234 1504.65 924.90 22 1559.73 761.37 235.2273
512 433 629.35 764.36 402 567.86 760.09 61.6327
513 403 567.86 798.51 402 567.86 760.09 38.4279
514 402 567.86 760.09 382 492.71 761.79 75.1672
515 271 250.62 757.95 272 250.62 831.39 73.4399
516 238 152.41 757.10 271 250.62 757.95 98.2083
517 245 153.27 829.68 238 152.41 757.10 72.5910
518 169 1296.71 762.22 166 1295.00 727.21 35.0537
519 210 1395.77 727.21 211 1395.77 764.78 37.5739
520 166 1295.00 727.21 210 1395.77 727.21 100.7665
521 166 1295.00 727.21 140 1201.92 725.50 93.0965
522 140 1201.92 725.50 141 1201.92 764.78 39.2819
523 567 905.60 724.65 43 1014.05 725.50 108.4553
524 559 903.04 763.08 567 905.60 724.65 38.5132
525 502 791.17 763.08 497 789.89 724.22 38.8760
526 520 856.92 723.79 567 905.60 724.65 48.6828
527 520 856.92 723.79 519 856.07 762.22 38.4373
528 497 789.89 724.22 520 856.92 723.79 67.0366
529 97 1110.55 723.79 140 1201.92 725.50 91.3890
530 98 1110.55 763.93 97 1110.55 723.79 40.1358
531 97 1110.55 723.79 43 1014.05 725.50 96.5118
532 454 679.73 723.37 497 789.89 724.22 110.1632
533 454 679.73 723.37 459 681.44 763.50 40.1721
534 372 459.41 720.80 366 458.56 761.79 40.9986
535 454 679.73 723.37 411 568.71 720.80 111.0435
536 402 567.86 760.09 411 568.71 720.80 39.2911
537 411 568.71 720.80 372 459.41 720.80 109.3059
538 140 1201.92 725.50 136 1201.07 673.41 52.0981
539 167 1295.86 672.56 166 1295.00 727.21 54.6597
540 167 1295.86 672.56 136 1201.07 673.41 94.7927
541 209 1395.77 671.70 21 1559.73 677.68 164.0678
542 210 1395.77 727.21 209 1395.77 671.70 55.5070
543 209 1395.77 671.70 167 1295.86 672.56 99.9161
544 372 459.41 720.80 362 457.70 671.28 49.5587
545 504 792.02 670.85 497 789.89 724.22 53.4148
546 43 1014.05 725.50 48 1014.91 670.85 54.6596
547 136 1201.07 673.41 96 1110.55 670.85 90.5553
548 96 1110.55 670.85 97 1110.55 723.79 52.9451
549 48 1014.91 670.85 96 1110.55 670.85 95.6426
550 520 856.92 723.79 521 857.78 669.99 53.8058
551 521 857.78 669.99 504 792.02 670.85 65.7599
552 48 1014.91 670.85 558 903.04 669.99 111.8711
553 567 905.60 724.65 558 903.04 669.99 54.7130
554 558 903.04 669.99 521 857.78 669.99 45.2595
555 326 380.85 669.57 362 457.70 671.28 76.8747
556 295 340.71 668.71 326 380.85 669.57 40.1449
557 504 792.02 670.85 453 679.73 668.71 112.3151
558 453 679.73 668.71 454 679.73 723.37 54.6530
559 453 679.73 668.71 401 567.86 667.86 111.8711
560 401 567.86 667.86 411 568.71 720.80 52.9520
561 401 567.86 667.86 362 457.70 671.28 110.2129
562 276 251.90 644.80 295 340.71 668.71 92.6008
563 276 251.90 644.80 271 250.62 757.95 113.1561
564 241 152.84 627.72 276 251.90 644.80 101.4833
565 238 152.41 757.10 241 152.84 627.72 129.3745
566 241 152.84 627.72 1 -0.02 631.99 153.2814
567 562 903.89 621.32 558 903.04 669.99 48.6828
568 490 788.61 620.47 562 903.89 621.32 115.2868
569 490 788.61 620.47 504 792.02 670.85 50.4989
570 206 1394.91 619.61 209 1395.77 671.70 52.0981
571 139 1201.49 618.33 206 1394.91 619.61 193.4245
572 136 1201.07 673.41 139 1201.49 618.33 55.0816
573 53 1015.76 617.90 48 1014.91 670.85 52.9520
574 139 1201.49 618.33 90 1108.84 617.90 92.6549
575 96 1110.55 670.85 90 1108.84 617.90 52.9726
576 53 1015.76 617.90 90 1108.84 617.90 93.0808
577 400 567.86 614.91 401 567.86 667.86 52.9451
578 329 381.70 614.06 326 380.85 669.57 55.5135
579 365 458.56 614.06 400 567.86 614.91 109.3093
580 362 457.70 671.28 365 458.56 614.06 57.2212
581 365 458.56 614.06 329 381.70 614.06 76.8558
582 466 682.72 613.63 453 679.73 668.71 55.1610
583 466 682.72 613.63 400 567.86 614.91 114.8638
584 562 903.89 621.32 554 902.61 575.63 45.7044
585 571 939.33 575.63 554 902.61 575.63 36.7200
586 47 1014.91 575.21 53 1015.76 617.90 42.7062
587 571 939.33 575.63 47 1014.91 575.21 75.5760
588 134 1200.64 574.78 139 1201.49 618.33 43.5599
589 90 1108.84 617.90 94 1109.69 574.35 43.5600
590 492 789.03 573.92 490 788.61 620.47 46.5424
591 473 716.45 573.92 492 789.03 573.92 72.5860
592 554 902.61 575.63 532 867.60 573.92 35.0537
593 492 789.03 573.92 532 867.60 573.92 78.5637
594 203 1394.49 573.92 206 1394.91 619.61 45.6885
595 134 1200.64 574.78 203 1394.49 573.92 193.8492
596 134 1200.64 574.78 114 1130.19 573.50 70.4627
597 94 1109.69 574.35 114 1130.19 573.50 20.5127
598 94 1109.69 574.35 79 1090.05 572.64 19.7151
599 79 1090.05 572.64 47 1014.91 575.21 75.1914
600 473 716.45 573.92 469 683.57 571.79 32.9464
601 469 683.57 571.79 466 682.72 613.63 41.8524
602 408 568.29 570.08 400 567.86 614.91 44.8346
603 364 458.56 569.65 365 458.56 614.06 44.4056
604 439 644.29 569.23 469 683.57 571.79 39.3653
605 439 644.29 569.23 408 568.29 570.08 76.0066
606 383 493.14 568.37 408 568.29 570.08 75.1673
607 383 493.14 568.37 364 458.56 569.65 34.6088
608 328 381.70 566.24 329 381.70 614.06 47.8214
609 348 421.84 566.24 364 458.56 569.65 36.8785
610 328 381.70 566.24 348 421.84 566.24 40.1358
611 297 341.56 564.53 328 381.70 566.24 40.1721
612 295 340.71 668.71 297 341.56 564.53 104.1858
613 270 250.62 563.25 297 341.56 564.53 90.9550
614 270 250.62 563.25 276 251.90 644.80 81.5625
615 246 153.69 561.12 270 250.62 563.25 96.9472
616 241 152.84 627.72 246 153.69 561.12 66.6138
617 246 153.69 561.12 537 87.94 559.41 65.7765
618 537 87.94 559.41 39 1.69 556.85 86.2873
619 47 1014.91 575.21 52 1015.76 537.63 37.5837
620 52 1015.76 537.63 573 940.18 538.91 75.5857
621 573 940.18 538.91 571 939.33 575.63 36.7299
622 492 789.03 573.92 491 789.03 538.06 35.8660
623 532 867.60 573.92 531 867.60 538.06 35.8660
624 531 867.60 538.06 491 789.03 538.06 78.5637
625 76 1089.20 537.63 79 1090.05 572.64 35.0225
626 52 1015.76 537.63 76 1089.20 537.63 73.4399
627 491 789.03 538.06 477 719.01 537.20 70.0294
628 477 719.01 537.20 473 716.45 573.92 36.8092
629 138 1201.49 537.20 134 1200.64 574.78 37.5836
630 117 1133.60 536.78 138 1201.49 537.20 67.8906
631 114 1130.19 573.50 117 1133.60 536.78 36.8785
632 202 1394.49 536.35 203 1394.49 573.92 37.5739
633 138 1201.49 537.20 202 1394.49 536.35 192.9952
634 351 423.97 535.07 348 421.84 566.24 31.2423
635 351 423.97 535.07 336 382.98 533.36 41.0253
636 336 382.98 533.36 328 381.70 566.24 32.9021
637 336 382.98 533.36 307 345.41 529.09 37.8158
638 307 345.41 529.09 297 341.56 564.53 35.6468
639 531 867.60 538.06 535 869.31 502.19 35.9067
640 385 493.99 501.77 383 493.14 568.37 66.6138
641 443 646.85 501.77 439 644.29 569.23 67.5109
642 476 719.01 501.34 477 719.01 537.20 35.8660
643 496 789.89 501.34 535 869.31 502.19 79.4222
644 491 789.03 538.06 496 789.89 501.34 36.7299
645 496 789.89 501.34 476 719.01 501.34 70.8781
646 570 939.33 501.34 573 940.18 538.91 37.5836
647 266 248.48 500.48 270 250.62 563.25 62.8018
648 546 900.05 500.48 570 939.33 501.34 39.2911
649 535 869.31 502.19 546 900.05 500.48 30.7897
650 138 1201.49 537.20 131 1199.79 500.48 36.7597
651 208 1395.34 500.48 202 1394.49 536.35 35.8762
652 131 1199.79 500.48 208 1395.34 500.48 195.5552
653 407 568.29 500.06 443 646.85 501.77 78.5822
654 408 568.29 570.08 407 568.29 500.06 70.0242
655 407 568.29 500.06 385 493.99 501.77 74.3135
656 51 1015.76 500.06 52 1015.76 537.63 37.5739
657 51 1015.76 500.06 570 939.33 501.34 76.4395
658 75 1089.20 500.06 76 1089.20 537.63 37.5739
659 75 1089.20 500.06 51 1015.76 500.06 73.4399
660 93 1109.69 500.06 75 1089.20 500.06 20.4949
661 131 1199.79 500.48 115 1131.04 500.06 68.7446
662 117 1133.60 536.78 115 1131.04 500.06 36.8092
663 115 1131.04 500.06 93 1109.69 500.06 21.3488
664 353 424.82 499.20 351 423.97 535.07 35.8762
665 385 493.99 501.77 360 457.27 499.20 36.8092
666 360 457.27 499.20 353 424.82 499.20 32.4502
667 536 87.94 498.78 537 87.94 559.41 60.6306
668 445 677.17 498.78 476 719.01 501.34 41.9220
669 445 677.17 498.78 443 646.85 501.77 30.4623
670 235 151.13 497.92 266 248.48 500.48 97.3843
671 235 151.13 497.92 246 153.69 561.12 63.2444
672 536 87.94 498.78 235 151.13 497.92 63.1983
673 307 345.41 529.09 303 343.70 497.50 31.6424
674 266 248.48 500.48 303 343.70 497.50 95.2627
675 331 382.13 497.50 353 424.82 499.20 42.7318
676 331 382.13 497.50 336 382.98 533.36 35.8762
677 303 343.70 497.50 331 382.13 497.50 38.4279
678 38 0.84 497.07 536 87.94 498.78 87.1199
679 39 1.69 556.85 38 0.84 497.07 59.7828
680 137 1201.49 460.35 131 1199.79 500.48 40.1721
681 207 1395.34 460.35 208 1395.34 500.48 40.1358
682 137 1201.49 460.35 207 1395.34 460.35 193.8473
683 89 1108.84 459.07 137 1201.49 460.35 92.6628
684 93 1109.69 500.06 89 1108.84 459.07 40.9986
685 89 1108.84 459.07 42 1014.05 458.21 94.7926
686 42 1014.05 458.21 51 1015.76 500.06 41.8785
687 496 789.89 501.34 500 790.74 457.79 43.5600
688 543 899.19 457.79 42 1014.05 458.21 114.8574
689 543 899.19 457.79 546 900.05 500.48 42.7062
690 543 899.19 457.79 500 790.74 457.79 108.4520
691 500 790.74 457.79 452 679.73 456.08 111.0357
692 452 679.73 456.08 445 677.17 498.78 42.7744
693 406 568.29 455.65 452 679.73 456.08 111.4417
694 406 568.29 455.65 407 568.29 500.06 44.4055
695 359 457.27 454.80 406 568.29 455.65 111.0172
696 359 457.27 454.80 360 457.27 499.20 44.4055
697 325 379.56 453.09 359 457.27 454.80 77.7285
698 331 382.13 497.50 325 379.56 453.09 44.4794
699 266 248.48 500.48 280 254.03 438.57 62.4412
700 324 379.56 438.57 325 379.56 453.09 14.5172
701 301 342.84 437.72 324 379.56 438.57 36.7299
702 303 343.70 497.50 301 342.84 437.72 59.7828
703 280 254.03 438.57 301 342.84 437.72 88.8152
704 233 150.71 431.74 26 215.61 433.45 64.9229
705 235 151.13 497.92 233 150.71 431.74 66.1827
706 583 99.47 430.03 233 150.71 431.74 51.2656
707 9 0.41 431.74 583 99.47 430.03 99.0733
708 42 1014.05 458.21 46 1014.91 411.25 46.9752
709 500 790.74 457.79 495 789.46 410.39 47.4117
710 133 1200.64 409.97 137 1201.49 460.35 50.3904
711 201 1394.49 409.97 207 1395.34 460.35 50.3904
712 133 1200.64 409.97 201 1394.49 409.97 193.8473
713 46 1014.91 411.25 548 900.90 409.11 114.0227
714 548 900.90 409.11 543 899.19 457.79 48.7052
715 495 789.46 410.39 548 900.90 409.11 111.4482
716 87 1108.41 409.11 133 1200.64 409.97 92.2309
717 87 1108.41 409.11 89 1108.84 459.07 49.9581
718 87 1108.41 409.11 46 1014.91 411.25 93.5321
719 356 455.57 406.98 359 457.27 454.80 47.8518
720 495 789.46 410.39 450 678.87 406.55 110.6536
721 452 679.73 456.08 450 678.87 406.55 49.5366
722 330 382.13 406.12 356 455.57 406.98 73.4449
723 324 379.56 438.57 330 382.13 406.12 32.5512
724 450 678.87 406.55 405 568.29 406.12 110.5877
725 405 568.29 406.12 406 568.29 455.65 49.5293
726 405 568.29 406.12 356 455.57 406.98 112.7250
727 212 1396.20 366.41 201 1394.49 409.97 43.5851
728 91 1109.27 364.71 87 1108.41 409.11 44.4138
729 45 1014.48 363.85 91 1109.27 364.71 94.7926
730 46 1014.91 411.25 45 1014.48 363.85 47.3963
731 130 1199.79 363.85 212 1396.20 366.41 196.4259
732 130 1199.79 363.85 133 1200.64 409.97 46.1214
733 91 1109.27 364.71 130 1199.79 363.85 90.5231
734 45 1014.48 363.85 550 901.33 362.57 113.1560
735 548 900.90 409.11 550 901.33 362.57 46.5424
736 447 678.02 361.29 450 678.87 406.55 45.2676
737 413 569.14 360.86 447 678.02 361.29 108.8798
738 413 569.14 360.86 405 568.29 406.12 45.2675
739 550 901.33 362.57 501 791.17 360.86 110.1732
740 501 791.17 360.86 495 789.46 410.39 49.5587
741 447 678.02 361.29 501 791.17 360.86 113.1496
742 300 341.99 359.16 301 342.84 437.72 78.5683
743 323 379.56 359.16 330 382.13 406.12 47.0372
744 300 341.99 359.16 323 379.56 359.16 37.5739
745 274 251.47 357.45 300 341.99 359.16 90.5351
746 280 254.03 438.57 274 251.47 357.45 81.1660
747 355 455.57 357.45 413 569.14 360.86 113.6271
748 355 455.57 357.45 356 455.57 406.98 49.5293
749 323 379.56 359.16 355 455.57 357.45 76.0210
750 582 98.61 352.32 15 119.96 354.03 21.4170
751 583 99.47 430.03 582 98.61 352.32 77.7144
752 582 98.61 352.32 5 -0.44 350.62 99.0733
753 233 150.71 431.74 230 142.17 324.14 108.0140
754 198 1393.21 320.73 212 1396.20 366.41 45.7841
755 50 1015.33 319.45 45 1014.48 363.85 44.4138
756 501 791.17 360.86 494 789.46 317.31 43.5851
757 135 1201.07 317.31 198 1393.21 320.73 192.1698
758 135 1201.07 317.31 130 1199.79 363.85 46.5581
759 550 901.33 362.57 545 900.05 316.88 45.7044
760 72 1086.21 316.88 50 1015.33 319.45 70.9243
761 451 679.30 316.46 447 678.02 361.29 44.8508
762 494 789.46 317.31 472 714.31 316.46 75.1527
763 472 714.31 316.46 451 679.30 316.46 35.0121
764 88 1108.84 316.46 91 1109.27 364.71 48.2502
765 72 1086.21 316.88 88 1108.84 316.46 22.6338
766 113 1129.33 316.46 135 1201.07 317.31 71.7371
767 88 1108.84 316.46 113 1129.33 316.46 20.4949
768 545 900.05 316.88 527 861.62 316.03 38.4373
769 494 789.46 317.31 527 861.62 316.03 72.1704
770 50 1015.33 319.45 572 940.18 316.03 75.2254
771 545 900.05 316.88 572 940.18 316.03 40.1449
772 363 458.56 314.32 355 455.57 357.45 43.2281
773 415 569.57 313.47 413 569.14 360.86 47.3963
774 451 679.30 316.46 437 643.86 314.32 35.5033
775 299 341.99 313.90 300 341.99 359.16 45.2595
776 323 379.56 359.16 322 379.56 313.90 45.2595
777 322 379.56 313.90 299 341.99 313.90 37.5739
778 415 569.57 313.47 437 643.86 314.32 74.2988
779 299 341.99 313.90 269 249.76 313.04 92.2309
780 274 251.47 357.45 269 249.76 313.04 44.4384
781 346 420.98 312.62 363 458.56 314.32 37.6127
782 322 379.56 313.90 346 420.98 312.62 41.4365
783 386 494.42 312.62 415 569.57 313.47 75.1527
784 363 458.56 314.32 386 494.42 312.62 35.9067
785 113 1129.33 316.46 112 1129.33 284.86 31.5963
786 128 1199.36 284.86 135 1201.07 317.31 32.4951
787 112 1129.33 284.86 128 1199.36 284.86 70.0242
788 572 940.18 316.03 575 941.04 284.43 31.6078
789 57 1017.04 284.43 50 1015.33 319.45 35.0537
790 575 941.04 284.43 57 1017.04 284.43 76.0018
791 73 1087.06 284.43 72 1086.21 316.88 32.4614
792 57 1017.04 284.43 73 1087.06 284.43 70.0242
793 527 861.62 316.03 526 861.62 281.87 34.1581
794 472 714.31 316.46 475 717.73 279.74 36.8785
795 414 569.57 279.31 415 569.57 313.47 34.1581
796 437 643.86 314.32 441 644.72 279.31 35.0225
797 441 644.72 279.31 414 569.57 279.31 75.1478
798 526 861.62 281.87 493 789.46 278.88 72.2209
799 493 789.46 278.88 494 789.46 317.31 38.4279
800 475 717.73 279.74 493 789.46 278.88 71.7371
801 392 496.98 278.46 414 569.57 279.31 72.5911
802 392 496.98 278.46 386 494.42 312.62 34.2541
803 334 382.55 276.75 322 379.56 313.90 37.2670
804 340 417.57 276.75 346 420.98 312.62 36.0283
805 334 382.55 276.75 340 417.57 276.75 35.0121
806 327 381.70 266.50 334 382.55 276.75 10.2830
807 296 341.56 264.79 327 381.70 266.50 40.1721
808 296 341.56 264.79 299 341.99 313.90 49.1042
809 265 248.48 263.09 296 341.56 264.79 93.0965
810 269 249.76 313.04 265 248.48 263.09 49.9727
811 265 248.48 263.09 237 151.99 249.42 100.3092
812 198 1393.21 320.73 199 1394.06 246.43 74.2988
813 74 1088.35 245.58 73 1087.06 284.43 38.8760
814 74 1088.35 245.58 49 1015.33 245.15 73.0142
815 49 1015.33 245.15 57 1017.04 284.43 39.3190
816 92 1109.69 244.73 74 1088.35 245.58 21.3659
817 111 1128.48 244.73 112 1129.33 284.86 40.1449
818 111 1128.48 244.73 92 1109.69 244.73 18.7870
819 199 1394.06 246.43 127 1199.36 244.73 194.7088
820 127 1199.36 244.73 128 1199.36 284.86 40.1358
821 127 1199.36 244.73 111 1128.48 244.73 70.8781
822 526 861.62 281.87 528 862.47 244.30 37.5836
823 574 941.04 244.30 49 1015.33 245.15 74.2988
824 574 941.04 244.30 575 941.04 284.43 40.1358
825 474 716.88 243.87 475 717.73 279.74 35.8762
826 541 897.49 243.44 574 941.04 244.30 43.5599
827 541 897.49 243.44 528 862.47 244.30 35.0225
828 438 644.29 243.02 441 644.72 279.31 36.2955
829 528 862.47 244.30 489 788.61 243.02 73.8780
830 493 789.46 278.88 489 788.61 243.02 35.8762
831 489 788.61 243.02 474 716.88 243.87 71.7371
832 474 716.88 243.87 449 678.45 242.16 38.4658
833 438 644.29 243.02 449 678.45 242.16 34.1688
834 410 568.71 241.74 438 644.29 243.02 75.5857
835 414 569.57 279.31 410 568.71 241.74 37.5836
836 410 568.71 241.74 391 496.98 240.88 71.7371
837 391 496.98 240.88 392 496.98 278.46 37.5739
838 340 417.57 276.75 345 420.98 240.03 36.8785
839 582 98.61 352.32 8 0.41 239.60 153.8602
840 354 455.14 239.18 391 496.98 240.88 41.8785
841 354 455.14 239.18 345 420.98 240.03 34.1688
842 345 420.98 240.03 337 383.41 238.32 37.6127
843 337 383.41 238.32 327 381.70 266.50 28.2322
844 205 1394.91 204.59 199 1394.06 246.43 41.8524
845 126 1199.36 202.03 127 1199.36 244.73 42.6976
846 195 1342.82 202.03 205 1394.91 204.59 52.1540
847 126 1199.36 202.03 195 1342.82 202.03 143.4641
848 540 897.49 201.60 541 897.49 243.44 41.8437
849 86 1107.99 200.34 126 1199.36 202.03 91.3880
850 92 1109.69 244.73 86 1107.99 200.34 44.4225
851 487 787.75 200.32 540 897.49 201.60 109.7404
852 487 787.75 200.32 489 788.61 243.02 42.7062
853 49 1015.33 245.15 55 1016.61 200.32 44.8508
854 540 897.49 201.60 55 1016.61 200.32 119.1333
855 55 1016.61 200.32 86 1107.99 200.34 91.3736
856 410 568.71 241.74 409 568.71 199.89 41.8437
857 448 678.45 198.61 487 787.75 200.32 109.3193
858 449 678.45 242.16 448 678.45 198.61 43.5516
859 448 678.45 198.61 409 568.71 199.89 109.7404
860 409 568.71 199.89 357 455.99 198.19 112.7347
861 357 455.99 198.19 354 455.14 239.18 40.9986
862 230 142.17 324.14 4 -0.44 196.05 191.7359
863 333 382.55 195.62 357 455.99 198.19 73.4846
864 333 382.55 195.62 337 383.41 238.32 42.7062
865 268 249.34 193.06 265 248.48 263.09 70.0294
866 240 152.84 191.35 268 249.34 193.06 96.5118
867 237 151.99 249.42 240 152.84 191.35 58.0751
868 304 344.13 191.35 333 382.55 195.62 38.6644
869 296 341.56 264.79 304 344.13 191.35 73.5768
870 304 344.13 191.35 268 249.34 193.06 94.8042
871 204 1394.91 171.29 205 1394.91 204.59 33.3042
872 194 1342.82 170.43 204 1394.91 171.29 52.0981
873 195 1342.82 202.03 194 1342.82 170.43 31.5963
874 132 1200.21 167.02 194 1342.82 170.43 142.6510
875 126 1199.36 202.03 132 1200.21 167.02 35.0225
876 542 897.91 149.94 540 897.49 201.60 51.6659
877 41 1014.05 149.94 55 1016.61 200.32 50.4483
878 41 1014.05 149.94 542 897.91 149.94 116.1376
879 446 677.59 149.08 448 678.45 198.61 49.5366
880 84 1106.28 149.08 86 1107.99 200.34 51.2815
881 84 1106.28 149.08 41 1014.05 149.94 92.2309
882 404 568.29 148.23 446 677.59 149.08 109.3093
883 404 568.29 148.23 409 568.71 199.89 51.6659
884 124 1198.51 148.23 132 1200.21 167.02 18.8644
885 124 1198.51 148.23 84 1106.28 149.08 92.2308
886 488 788.61 147.38 542 897.91 149.94 109.3360
887 488 788.61 147.38 487 787.75 200.32 52.9520
888 446 677.59 149.08 488 788.61 147.38 111.0270
889 357 455.99 198.19 361 457.70 145.24 52.9726
890 396 512.78 144.81 404 568.29 148.23 55.6120
891 361 457.70 145.24 396 512.78 144.81 55.0816
892 361 457.70 145.24 332 382.55 144.39 75.1527
893 332 382.55 144.39 333 382.55 195.62 51.2372
894 239 152.84 140.97 240 152.84 191.35 50.3832
895 332 382.55 144.39 302 343.27 140.97 39.4301
896 302 343.27 140.97 304 344.13 191.35 50.3905
897 267 249.34 140.13 302 343.27 140.97 93.9386
898 268 249.34 193.06 267 249.34 140.13 52.9298
899 260 198.10 140.12 239 152.84 140.97 45.2676
900 267 249.34 140.13 260 198.10 140.12 51.2372
901 239 152.84 140.97 11 0.84 121.33 156.0343
902 542 897.91 149.94 547 900.48 94.43 55.5660
903 85 1106.28 94.43 84 1106.28 149.08 54.6530
904 44 1014.05 93.58 85 1106.28 94.43 92.2309
905 44 1014.05 93.58 41 1014.05 149.94 56.3609
906 547 900.48 94.43 44 1014.05 93.58 113.5789
907 129 1199.36 93.58 124 1198.51 148.23 54.6597
908 85 1106.28 94.43 129 1199.36 93.58 93.0847
909 194 1342.82 170.43 193 1338.55 93.58 76.9743
910 193 1338.55 93.58 129 1199.36 93.58 139.1943
911 200 1394.06 93.58 204 1394.91 171.29 77.7144
912 193 1338.55 93.58 200 1394.06 93.58 55.5070
913 232 150.28 79.49 260 198.10 140.12 105.9225
914 239 152.84 140.97 232 150.28 79.49 61.5379
915 40 1013.62 30.81 44 1014.05 93.58 62.7670
916 123 1197.22 30.81 129 1199.36 93.58 62.8018
917 40 1013.62 30.81 544 900.05 29.96 113.5790
918 544 900.05 29.96 547 900.48 94.43 64.4749
919 83 1105.00 29.96 123 1197.22 30.81 92.2309
920 85 1106.28 94.43 83 1105.00 29.96 64.4862
921 83 1105.00 29.96 40 1013.62 30.81 91.3769
922 488 788.61 147.38 499 790.32 29.53 117.8579
923 335 382.98 28.68 332 382.55 144.39 115.7114
924 358 457.27 28.68 361 457.70 145.24 116.5654
925 335 382.98 28.68 358 457.27 28.68 74.2939
926 273 251.47 27.82 267 249.34 140.13 112.3303
927 298 341.99 27.82 335 382.98 28.68 40.9986
928 298 341.99 27.82 302 343.27 140.97 113.1560
929 273 251.47 27.82 298 341.99 27.82 90.5190
930 397 516.20 27.82 396 512.78 144.81 117.0414
931 358 457.27 28.68 397 516.20 27.82 58.9289
932 412 569.14 27.82 404 568.29 148.23 120.4104
933 397 516.20 27.82 412 569.14 27.82 52.9451
934 232 150.28 79.49 231 149.85 26.11 53.3738
935 231 149.85 26.11 273 251.47 27.82 101.8366
936 196 1343.25 19.71 193 1338.55 93.58 74.0161
937 197 1391.93 19.71 200 1394.06 93.58 73.8978
938 196 1343.25 19.71 197 1391.93 19.71 48.6754
939 125 1198.93 18.00 196 1343.25 19.71 144.3281
940 123 1197.22 30.81 125 1198.93 18.00 12.9226
941 197 1391.93 19.71 17 1393.63 2.63 17.1642
942 40 1013.62 30.81 13 1015.33 1.78 29.0846
943 125 1198.93 18.00 16 1198.08 1.78 16.2476
944 232 150.28 79.49 34 63.60 1.35 148.2471
945 397 516.20 27.82 31 517.05 1.35 26.4863
946 499 790.32 29.53 36 839.84 1.35 76.0227
947 544 900.05 29.96 37 899.19 0.92 29.0470
948 83 1105.00 29.96 14 1105.00 0.92 29.0344
949 273 251.47 27.82 27 251.47 0.50 27.3265
950 298 341.99 27.82 28 341.99 0.50 27.3265
951 335 382.98 28.68 29 382.98 0.50 28.1804
952 358 457.27 28.68 30 456.42 0.50 28.1934
953 412 569.14 27.82 33 570.00 0.50 27.3398
954 231 149.85 26.11 18 149.00 -0.36 26.4863
955 499 790.32 29.53 35 791.17 -0.36 29.9005
956 266 248.48 500.48 3 -0.44 140.54 454.8908
957 237 151.99 249.42 230 142.17 324.14 75.6743
958 230 142.17 324.14 269 249.76 313.04 110.2569
