1 271 1312.56 1551.95 34 1341.75 1560.16 30.5216
2 762 824.04 1549.34 92 819.93 1560.12 11.5364
3 612 62.81 1548.99 81 63.96 1559.36 10.4377
4 196 1195.78 1546.47 27 1218.59 1559.24 26.1404
5 26 1188.48 1560.16 196 1195.78 1546.47 15.5093
6 751 810.69 1546.26 762 824.04 1549.34 13.6982
7 2 -0.59 1553.60 612 62.81 1548.99 65.1279
8 751 810.69 1546.26 736 792.21 1545.23 18.5096
9 736 792.21 1545.23 90 789.13 1560.12 15.2029
10 459 276.05 1543.23 73 268.83 1557.81 16.2680
11 675 717.51 1537.46 85 715.20 1558.21 20.8752
12 442 240.31 1532.85 459 276.05 1543.23 37.2074
13 330 1420.21 1530.96 38 1407.44 1559.24 31.0524
14 590 563.05 1530.55 79 557.29 1559.36 29.3868
15 437 223.02 1529.39 442 240.31 1532.85 17.6321
16 437 223.02 1529.39 72 224.18 1557.06 27.6876
17 427 204.58 1525.94 437 223.02 1529.39 18.7637
18 427 204.58 1525.94 71 205.73 1558.21 33.9181
19 736 792.21 1545.23 737 792.72 1524.70 20.5410
20 719 776.29 1523.63 737 792.72 1524.70 16.4621
21 719 776.29 1523.63 88 768.59 1558.58 35.7857
22 392 1547.02 1522.75 47 1558.88 1524.58 11.9995
23 392 1547.02 1522.75 330 1420.21 1530.96 133.7003
24 522 409.50 1553.70 492 345.20 1522.48 72.3532
25 330 1420.21 1530.96 310 1387.36 1521.84 34.0867
26 698 749.78 1521.33 719 776.29 1523.63 26.6109
27 698 749.78 1521.33 87 740.56 1558.21 38.0198
28 459 276.05 1543.23 492 345.20 1522.48 79.5961
29 635 657.57 1514.41 675 717.51 1537.46 65.9172
30 635 657.57 1514.41 83 647.20 1558.21 45.6409
31 405 164.33 1514.30 427 204.58 1525.94 41.9348
32 405 164.33 1514.30 28 122.88 1558.76 61.2476
33 622 641.43 1510.95 635 657.57 1514.41 16.5033
34 622 641.43 1510.95 590 563.05 1530.55 91.1783
35 589 563.05 1507.49 622 641.43 1510.95 78.4632
36 589 563.05 1507.49 590 563.05 1530.55 23.0530
37 310 1387.36 1521.84 272 1316.21 1507.24 72.7993
38 272 1316.21 1507.24 271 1312.56 1551.95 44.8518
39 538 430.50 1500.58 522 409.50 1553.70 57.1251
40 442 240.31 1532.85 450 252.99 1499.43 35.7506
41 224 1235.01 1499.03 272 1316.21 1507.24 82.7269
42 224 1235.01 1499.03 29 1256.91 1559.24 80.6625
43 205 1211.29 1497.21 224 1235.01 1499.03 23.7900
44 196 1195.78 1546.47 205 1211.29 1497.21 51.6654
45 702 753.24 1491.36 698 749.78 1521.33 30.1676
46 762 824.04 1549.34 781 855.87 1485.68 71.1708
47 682 730.19 1484.44 702 753.24 1491.36 24.0680
48 675 717.51 1537.46 682 730.19 1484.44 54.5252
49 348 1469.47 1482.61 392 1547.02 1522.75 87.5439
50 450 252.99 1499.43 433 213.80 1482.14 42.8344
51 433 213.80 1482.14 427 204.58 1525.94 44.7607
52 572 516.95 1482.14 589 563.05 1507.49 63.0816
53 682 730.19 1484.44 642 673.71 1477.53 57.0744
54 642 673.71 1477.53 635 657.57 1514.41 40.4816
55 424 202.28 1475.22 433 213.80 1482.14 13.4421
56 424 202.28 1475.22 405 164.33 1514.30 54.5779
57 272 1316.21 1507.24 274 1319.85 1472.57 34.8591
58 781 855.87 1485.68 763 824.55 1470.79 35.0809
59 763 824.55 1470.79 751 810.69 1546.26 76.7267
60 749 807.61 1467.20 763 824.55 1470.79 17.3179
61 737 792.72 1524.70 749 807.61 1467.20 59.3928
62 614 622.99 1466.00 642 673.71 1477.53 52.6162
63 337 1433.89 1460.71 348 1469.47 1482.61 41.7773
64 545 450.10 1460.24 572 516.95 1482.14 70.4445
65 545 450.10 1460.24 538 430.50 1500.58 44.8496
66 450 252.99 1499.43 469 297.95 1457.93 63.4659
67 436 220.72 1455.62 424 202.28 1475.22 26.9088
68 321 1411.08 1455.24 337 1433.89 1460.71 23.4554
69 310 1387.36 1521.84 321 1411.08 1455.24 70.8192
70 642 673.71 1477.53 649 688.69 1453.32 28.4683
71 241 1255.99 1452.50 274 1319.85 1472.57 69.4723
72 533 422.43 1449.86 545 450.10 1460.24 29.5446
73 533 422.43 1449.86 538 430.50 1500.58 71.6592
74 614 622.99 1466.00 601 597.63 1449.86 31.3671
75 612 62.81 1548.99 631 65.11 1446.40 102.6113
76 631 65.11 1446.40 1 -0.59 1460.24 68.4077
77 220 1227.71 1446.12 241 1255.99 1452.50 29.0019
78 205 1211.29 1497.21 220 1227.71 1446.12 53.6635
79 492 345.20 1522.48 500 365.95 1445.25 81.1790
80 649 688.69 1453.32 616 628.76 1442.95 61.5995
81 616 628.76 1442.95 614 622.99 1466.00 23.7623
82 297 1369.12 1441.56 321 1411.08 1455.24 44.2216
83 274 1319.85 1472.57 297 1369.12 1441.56 65.1260
84 689 739.33 1441.53 682 730.19 1484.44 43.8728
85 868 999.63 1437.91 94 895.63 1560.16 165.9248
86 606 605.70 1437.18 616 628.76 1442.95 23.7887
87 601 597.63 1449.86 606 605.70 1437.18 15.0288
88 500 365.95 1445.25 533 422.43 1449.86 67.3898
89 297 1369.12 1441.56 276 1323.50 1429.70 48.1698
90 276 1323.50 1429.70 274 1319.85 1472.57 43.0334
91 755 813.77 1429.21 749 807.61 1467.20 38.4850
92 500 365.95 1445.25 491 338.29 1429.11 32.0262
93 491 338.29 1429.11 469 297.95 1457.93 50.6388
94 755 813.77 1429.21 745 800.42 1427.16 13.5045
95 745 800.42 1427.16 719 776.29 1523.63 99.5780
96 469 297.95 1457.93 447 249.54 1426.81 57.5516
97 447 249.54 1426.81 436 220.72 1455.62 40.7848
98 140 1084.94 1426.50 23 1135.57 1560.16 151.2756
99 140 1084.94 1426.50 868 999.63 1437.91 86.0825
100 781 855.87 1485.68 805 890.26 1426.13 68.7695
101 631 65.11 1446.40 630 65.11 1425.66 20.7476
102 661 704.83 1425.66 689 739.33 1441.53 37.9931
103 649 688.69 1453.32 661 704.83 1425.66 32.0261
104 778 852.27 1425.62 755 813.77 1429.21 41.6847
105 805 890.26 1426.13 778 852.27 1425.62 38.0770
106 718 774.75 1424.08 745 800.42 1427.16 25.8523
107 718 774.75 1424.08 702 753.24 1491.36 70.6354
108 436 220.72 1455.62 402 163.09 1423.35 66.4103
109 697 749.09 1421.51 718 774.75 1424.08 25.7962
110 689 739.33 1441.53 697 749.09 1421.51 22.2707
111 447 249.54 1426.81 452 255.30 1416.43 11.8672
112 651 689.85 1416.43 661 704.83 1425.66 17.5944
113 576 540.15 1414.84 601 597.63 1449.86 67.3735
114 576 540.15 1414.84 572 516.95 1482.14 71.1991
115 760 822.50 1414.84 778 852.27 1425.62 31.8972
116 755 813.77 1429.21 760 822.50 1414.84 16.8162
117 630 65.11 1425.66 21 1.72 1412.98 64.9587
118 633 651.81 1411.82 651 689.85 1416.43 38.4340
119 616 628.76 1442.95 633 651.81 1411.82 42.9033
120 629 65.11 1404.91 402 163.09 1423.35 100.7830
121 630 65.11 1425.66 629 65.11 1404.91 20.7477
122 452 255.30 1416.43 458 274.89 1404.91 22.7337
123 606 605.70 1437.18 605 605.09 1400.72 36.4684
124 278 1324.42 1397.77 276 1323.50 1429.70 31.9438
125 263 1289.75 1396.85 278 1324.42 1397.77 34.6796
126 241 1255.99 1452.50 263 1289.75 1396.85 69.6530
127 263 1289.75 1396.85 229 1242.31 1395.94 47.5865
128 229 1242.31 1395.94 220 1227.71 1446.12 52.2598
129 348 1469.47 1482.61 355 1482.24 1394.12 100.6612
130 355 1482.24 1394.12 337 1433.89 1460.71 82.8326
131 447 249.54 1426.81 411 181.53 1393.38 77.1781
132 402 163.09 1423.35 411 181.53 1393.38 35.1888
133 629 65.11 1404.91 4 0.09 1389.17 67.6144
134 549 482.14 1389.17 576 540.15 1414.84 63.8128
135 549 482.14 1389.17 545 450.10 1460.24 77.9562
136 468 297.95 1385.31 491 338.29 1429.11 59.5484
137 458 274.89 1404.91 468 297.95 1385.31 30.2556
138 411 181.53 1393.38 452 255.30 1416.43 91.3808
139 327 1418.38 1376.78 355 1482.24 1394.12 66.2194
140 321 1411.08 1455.24 327 1418.38 1376.78 79.4930
141 229 1242.31 1395.94 232 1246.87 1370.40 25.9488
142 477 311.78 1370.33 468 297.95 1385.31 20.3924
143 829 921.83 1367.86 805 890.26 1426.13 66.2804
144 684 735.23 1367.09 661 704.83 1425.66 66.1196
145 327 1418.38 1376.78 323 1414.73 1364.01 13.2834
146 323 1414.73 1364.01 297 1369.12 1441.56 92.5466
147 119 1048.44 1363.55 140 1084.94 1426.50 77.3140
148 868 999.63 1437.91 119 1048.44 1363.55 90.8477
149 674 717.51 1362.26 684 735.23 1367.09 18.3634
150 661 704.83 1425.66 674 717.51 1362.26 64.9837
151 364 1492.28 1362.19 355 1482.24 1394.12 33.4706
152 323 1414.73 1364.01 364 1492.28 1362.19 77.5787
153 549 482.14 1389.17 540 431.06 1360.16 58.9116
1201 466 293.34 1358.80 477 311.78 1370.33 21.7481
155 605 605.09 1400.72 564 488.55 1357.08 124.5339
156 564 488.55 1357.08 549 482.14 1389.17 32.7206
157 278 1324.42 1397.77 280 1329.89 1355.80 42.3217
158 280 1329.89 1355.80 323 1414.73 1364.01 85.5693
159 652 691.00 1355.34 674 717.51 1362.26 27.6531
160 652 691.00 1355.34 651 689.85 1416.43 61.1011
161 264 1291.57 1352.15 280 1329.89 1355.80 38.5748
162 232 1246.87 1370.40 264 1291.57 1352.15 53.0848
163 489 335.32 1350.15 477 311.78 1370.33 31.1469
164 338 145.63 1349.38 411 181.53 1393.38 57.9643
165 645 68.11 1348.87 629 65.11 1404.91 56.1191
166 514 396.66 1345.79 540 431.06 1360.16 37.2781
167 541 434.14 1343.74 540 431.06 1360.16 16.7139
168 9 0.35 1342.20 645 68.11 1348.87 68.4938
169 448 250.69 1341.51 466 293.34 1358.80 46.0193
170 458 274.89 1404.91 448 250.69 1341.51 82.1489
171 709 766.03 1339.89 697 749.09 1421.51 83.3642
172 709 766.03 1339.89 707 757.30 1339.37 8.7423
173 707 757.30 1339.37 684 735.23 1367.09 35.5612
174 264 1291.57 1352.15 234 1248.69 1338.47 46.9984
175 234 1248.69 1338.47 232 1246.87 1370.40 31.9829
176 471 303.49 1336.81 489 335.32 1350.15 34.5139
177 471 303.49 1336.81 466 293.34 1358.80 24.2263
178 543 439.27 1335.52 564 488.55 1357.08 53.7930
179 543 439.27 1335.52 541 434.14 1343.74 9.6862
180 378 1509.61 1334.82 58 1559.79 1348.50 55.3859
181 364 1492.28 1362.19 378 1509.61 1334.82 32.3966
182 514 396.66 1345.79 496 355.59 1329.88 44.0446
183 489 335.32 1350.15 496 355.59 1329.88 28.6772
184 541 434.14 1343.74 519 403.85 1328.85 33.7495
185 519 403.85 1328.85 514 396.66 1345.79 18.4024
186 628 649.50 1327.68 652 691.00 1355.34 54.6846
187 633 651.81 1411.82 628 649.50 1327.68 84.3582
188 681 730.09 1327.05 707 757.30 1339.37 30.5392
189 674 717.51 1362.26 681 730.09 1327.05 37.3897
190 338 145.63 1349.38 646 68.62 1324.74 81.7642
191 645 68.11 1348.87 646 68.62 1324.74 24.1335
192 740 796.57 1324.23 718 774.75 1424.08 102.2050
193 740 796.57 1324.23 713 771.42 1321.15 25.3427
194 713 771.42 1321.15 709 766.03 1339.89 19.4977
195 571 508.58 1318.58 605 605.09 1400.72 139.9910
196 564 488.55 1357.08 571 508.58 1318.58 43.3967
197 599 587.12 1313.96 628 649.50 1327.68 63.9308
198 502 371.51 1307.29 519 403.85 1328.85 38.8701
199 496 355.59 1329.88 502 371.51 1307.29 27.6312
200 646 68.62 1324.74 20 1.37 1305.23 70.8064
201 378 1509.61 1334.82 342 1459.44 1301.97 60.1564
202 342 1459.44 1301.97 323 1414.73 1364.01 76.5438
203 829 921.83 1367.86 843 960.34 1297.53 80.2832
204 843 960.34 1297.53 823 913.11 1295.48 47.2741
205 823 913.11 1295.48 813 901.04 1294.71 12.0886
206 813 901.04 1294.71 829 921.83 1367.86 86.5135
207 599 587.12 1313.96 577 544.51 1293.94 47.1208
208 571 508.58 1318.58 577 544.51 1293.94 43.5724
209 783 857.41 1292.14 813 901.04 1294.71 43.7113
210 783 857.41 1292.14 760 822.50 1414.84 128.5403
211 769 833.79 1289.58 783 857.41 1292.14 23.7538
212 745 800.42 1427.16 769 833.79 1289.58 142.2084
213 502 371.51 1307.29 503 376.64 1288.81 19.1808
214 546 453.65 1287.78 543 439.27 1335.52 50.0222
215 568 492.15 1287.78 571 508.58 1318.58 34.9087
216 568 492.15 1287.78 546 453.65 1287.78 38.5023
217 720 777.06 1287.78 713 771.42 1321.15 33.8633
218 769 833.79 1289.58 748 807.35 1287.27 26.5389
216 748 807.35 1287.27 740 796.57 1324.23 38.5023
220 720 777.06 1287.78 748 807.35 1287.27 30.6976
221 496 355.59 1329.88 453 256.26 1284.44 109.2324
222 453 256.26 1284.44 471 303.49 1336.81 80.4007
223 503 376.64 1288.81 546 453.65 1287.78 77.8381
224 657 699.03 1283.67 720 777.06 1287.78 78.1392
225 638 671.31 1282.65 657 699.03 1283.67 27.7406
226 681 730.09 1327.05 638 671.31 1282.65 76.6435
227 850 970.60 1282.65 843 960.34 1297.53 18.0847
228 443 240.34 1277.77 453 256.26 1284.44 17.2569
229 668 71.19 1272.38 338 145.63 1349.38 124.8000
230 668 71.19 1272.38 646 68.62 1324.74 52.4259
231 600 592.25 1272.38 638 671.31 1282.65 80.5858
232 600 592.25 1272.38 599 587.12 1313.96 41.8981
233 434 216.73 1270.07 443 240.34 1277.77 24.8385
234 448 250.69 1341.51 434 216.73 1270.07 104.5086
235 838 944.93 1269.30 850 970.60 1282.65 29.3709
236 823 913.11 1295.48 838 944.93 1269.30 44.6563
237 503 376.64 1288.81 475 308.36 1267.76 71.4479
238 850 970.60 1282.65 859 986.00 1266.73 22.1461
239 475 308.36 1267.76 443 240.34 1277.77 73.1590
240 657 699.03 1283.67 659 701.09 1260.06 23.8284
241 720 777.06 1287.78 725 784.76 1259.54 29.6242
242 396 1553.40 1259.09 46 1558.88 1286.46 32.9028
243 434 216.73 1270.07 416 191.57 1258.77 27.5738
244 567 490.61 1257.49 568 492.15 1287.78 30.3276
245 592 571.21 1256.46 600 592.25 1272.38 26.3871
246 577 544.51 1293.94 592 571.21 1256.46 46.0354
247 659 701.09 1260.06 653 692.87 1255.95 9.1833
248 797 880.76 1254.41 838 944.93 1269.30 66.7010
249 813 901.04 1294.71 797 880.76 1254.41 50.4326
250 512 393.07 1250.82 503 376.64 1288.81 41.4852
251 797 880.76 1254.41 789 866.90 1250.30 14.4565
252 789 866.90 1250.30 783 857.41 1292.14 42.9905
253 725 784.76 1259.54 703 753.45 1249.79 32.7990
254 234 1248.69 1338.47 201 1202.17 1244.50 111.8834
255 859 986.00 1266.73 844 961.36 1243.12 34.4400
256 844 961.36 1243.12 838 944.93 1269.30 30.9194
257 774 844.83 1241.58 789 866.90 1250.30 23.7371
258 769 833.79 1289.58 774 844.83 1241.58 49.2559
259 475 308.36 1267.76 512 393.07 1250.82 100.2173
260 574 525.52 1239.52 577 544.51 1293.94 58.1889
261 201 1202.17 1244.50 185 1184.83 1239.02 18.1776
262 454 26.53 1238.50 17 0.86 1243.12 26.0807
263 128 1069.88 1238.11 119 1048.44 1363.55 127.4204
264 703 753.45 1249.79 672 713.92 1237.98 41.2571
265 672 713.92 1237.98 659 701.09 1260.06 25.5344
266 592 571.21 1256.46 574 525.52 1239.52 51.3995
267 416 191.57 1258.77 678 72.22 1236.96 122.0079
268 678 72.22 1236.96 668 71.19 1272.38 35.4369
269 678 72.22 1236.96 454 26.53 1238.50 45.7751
270 128 1069.88 1238.11 166 1138.31 1235.38 73.5108
271 376 1508.70 1235.38 396 1553.40 1259.09 51.3520
272 342 1459.44 1301.97 376 1508.70 1235.38 82.8626
273 107 1031.57 1233.55 859 986.00 1266.73 56.7063
274 175 1158.38 1233.55 185 1184.83 1239.02 27.1561
275 175 1158.38 1233.55 166 1138.31 1235.38 20.1534
276 516 397.95 1233.11 512 393.07 1250.82 18.3703
277 653 692.87 1255.95 598 585.58 1228.23 111.1812
278 598 585.58 1228.23 592 571.21 1256.46 31.6832
279 129 1070.79 1228.08 128 1069.88 1238.11 10.0768
280 107 1031.57 1233.55 129 1070.79 1228.08 39.6907
281 735 791.95 1224.12 725 784.76 1259.54 36.1438
282 844 961.36 1243.12 840 951.09 1221.56 23.8811
283 840 951.09 1221.56 828 916.19 1218.99 36.6474
284 828 916.19 1218.99 797 880.76 1254.41 50.3319
285 716 771.93 1217.96 735 791.95 1224.12 21.4657
286 703 753.45 1249.79 716 771.93 1217.96 36.9208
287 574 525.52 1239.52 573 518.84 1217.45 23.0613
288 567 490.61 1257.49 521 407.96 1216.42 94.2680
289 521 407.96 1216.42 516 397.95 1233.11 19.4570
290 573 518.84 1217.45 565 489.58 1213.85 29.4816
291 565 489.58 1213.85 567 490.61 1257.49 43.6479
292 521 407.96 1216.42 565 489.58 1213.85 82.3063
293 653 692.87 1255.95 655 695.95 1203.59 52.4536
294 185 1184.83 1239.02 187 1185.75 1200.71 38.4201
295 187 1185.75 1200.71 175 1158.38 1233.55 45.6209
296 521 407.96 1216.42 525 414.63 1199.48 18.2082
297 384 1530.60 1197.97 45 1558.88 1208.01 30.0729
298 376 1508.70 1235.38 384 1530.60 1197.97 43.3418
299 716 771.93 1217.96 680 728.29 1197.94 48.9730
300 680 728.29 1197.94 672 713.92 1237.98 42.8563
301 655 695.95 1203.59 680 728.29 1197.94 33.2767
302 454 26.53 1238.50 409 18.83 1196.40 42.7943
303 409 18.83 1196.40 8 0.35 1197.94 18.5451
304 782 856.12 1194.35 774 844.83 1241.58 48.6348
305 677 72.22 1193.32 678 72.22 1236.96 43.6360
306 409 18.83 1196.40 677 72.22 1193.32 53.7352
307 655 695.95 1203.59 656 696.21 1191.52 12.0668
308 604 603.80 1191.01 598 585.58 1228.23 41.4677
309 656 696.21 1191.52 604 603.80 1191.01 92.7321
310 782 856.12 1194.35 768 830.45 1189.21 26.1765
311 748 807.35 1287.27 768 830.45 1189.21 100.7370
312 534 425.15 1177.66 525 414.63 1199.48 24.2234
313 187 1185.75 1200.71 189 1186.66 1172.43 28.2963
314 789 866.90 1250.30 812 900.78 1171.25 86.1113
315 166 1138.31 1235.38 148 1096.34 1170.60 86.0850
316 148 1096.34 1170.60 129 1070.79 1228.08 63.1626
317 391 1547.02 1167.86 57 1559.79 1176.08 15.1839
318 384 1530.60 1197.97 391 1547.02 1167.86 34.2936
319 842 958.58 1166.04 840 951.09 1221.56 89.1461
320 842 958.58 1166.04 828 916.19 1218.99 67.9699
321 787 862.80 1165.09 782 856.12 1194.35 30.6946
322 812 900.78 1171.25 787 862.80 1165.09 39.3080
323 787 862.80 1165.09 772 838.67 1162.01 24.3239
324 768 830.45 1189.21 772 838.67 1162.01 28.4210
325 194 1192.13 1159.65 201 1202.17 1244.50 96.0605
326 189 1186.66 1172.43 194 1192.13 1159.65 13.8958
327 754 813.00 1151.74 735 791.95 1224.12 75.4175
328 660 703.65 1148.66 754 813.00 1151.74 141.6032
329 660 703.65 1148.66 656 696.21 1191.52 43.5127
330 150 1106.37 1145.06 189 1186.66 1172.43 86.3243
331 148 1096.34 1170.60 150 1106.37 1145.06 27.4451
332 419 198.25 1143.27 416 191.57 1258.77 118.4109
333 194 1192.13 1159.65 193 1192.13 1143.23 16.4216
334 391 1547.02 1167.86 56 1559.79 1141.41 29.3786
335 109 1032.48 1138.67 107 1031.57 1233.55 101.6184
336 109 1032.48 1138.67 150 1106.37 1145.06 75.1864
337 610 615.10 1130.43 660 703.65 1148.66 90.9299
338 604 603.80 1191.01 610 615.10 1130.43 61.6847
339 280 1329.89 1355.80 288 1348.14 1124.99 231.5338
340 508 388.45 1124.53 534 425.15 1177.66 66.9981
341 525 414.63 1199.48 508 388.45 1124.53 98.1226
342 551 482.65 1122.73 565 489.58 1213.85 91.4168
343 551 482.65 1122.73 534 425.15 1177.66 83.6683
344 250 1262.38 1120.42 288 1348.14 1124.99 85.8952
345 193 1192.13 1143.23 250 1262.38 1120.42 99.4462
346 226 1238.66 1117.69 250 1262.38 1120.42 23.8773
347 226 1238.66 1117.69 192 1191.22 1114.04 47.5801
348 192 1191.22 1114.04 193 1192.13 1143.23 29.2081
349 192 1191.22 1114.04 153 1113.67 1112.21 77.5676
350 153 1113.67 1112.21 150 1106.37 1145.06 33.6833
351 115 1042.51 1108.56 109 1032.48 1138.67 31.7399
352 115 1042.51 1108.56 153 1113.67 1112.21 71.5607
353 854 981.39 1105.83 115 1042.51 1108.56 61.1858
354 854 981.39 1105.83 842 958.58 1166.04 64.9673
355 845 964.05 1104.00 854 981.39 1105.83 17.4296
356 845 964.05 1104.00 832 926.65 1103.09 37.5255
357 832 926.65 1103.09 812 900.78 1171.25 72.9146
358 832 926.65 1103.09 819 910.23 1101.27 16.5226
359 780 855.61 1099.38 819 910.23 1101.27 54.6552
360 772 838.67 1162.01 780 855.61 1099.38 65.1327
361 780 855.61 1099.38 766 828.91 1098.35 26.7146
362 766 828.91 1098.35 754 813.00 1151.74 55.7361
363 766 828.91 1098.35 741 797.09 1095.78 31.9318
364 741 797.09 1095.78 711 768.34 1092.70 28.9129
365 356 1484.07 1086.67 55 1559.79 1088.49 75.7435
366 711 768.34 1092.70 671 712.89 1086.54 55.7849
367 671 712.89 1086.54 660 703.65 1148.66 62.8687
368 406 170.53 1085.77 419 198.25 1143.27 64.2122
369 326 1418.38 1083.02 356 1484.07 1086.67 65.7875
370 637 668.74 1081.92 671 712.89 1086.54 44.3903
371 516 397.95 1233.11 474 308.36 1080.89 202.8506
372 613 621.00 1080.89 637 668.74 1081.92 47.7538
373 610 615.10 1130.43 613 621.00 1080.89 49.9261
374 250 1262.38 1120.42 255 1270.59 1080.28 42.5917
375 326 1418.38 1083.02 291 1356.35 1080.28 62.0972
376 288 1348.14 1124.99 291 1356.35 1080.28 45.4509
377 291 1356.35 1080.28 255 1270.59 1080.28 85.7568
378 419 198.25 1143.27 444 241.88 1080.12 83.3870
379 406 170.53 1085.77 444 241.88 1080.12 71.5814
380 255 1270.59 1080.28 243 1257.82 1079.37 12.8049
381 523 413.60 1079.35 508 388.45 1124.53 52.0075
358 243 1257.82 1079.37 228 1241.40 1077.55 16.5226
383 228 1241.40 1077.55 226 1238.66 1117.69 40.2347
384 499 359.70 1077.30 523 413.60 1079.35 53.9422
385 474 308.36 1080.89 499 359.70 1077.30 51.4620
386 198 1198.06 1072.53 228 1241.40 1077.55 43.6241
387 198 1198.06 1072.53 192 1191.22 1114.04 42.0706
388 247 126.89 1071.91 406 170.53 1085.77 52.1818
389 677 72.22 1193.32 247 126.89 1071.91 201.2030
390 181 1175.25 1070.70 198 1198.06 1072.53 22.8806
391 530 420.79 1066.52 523 413.60 1079.35 14.7095
392 547 480.08 1065.75 551 482.65 1122.73 57.0411
393 547 480.08 1065.75 530 420.79 1066.52 59.2984
394 154 1118.69 1065.23 181 1175.25 1070.70 56.8272
395 153 1113.67 1112.21 154 1118.69 1065.23 47.2509
396 498 359.70 1063.44 499 359.70 1077.30 13.8608
397 509 389.48 1063.44 530 420.79 1066.52 31.4663
398 498 359.70 1063.44 509 389.48 1063.44 29.7751
399 154 1118.69 1065.23 112 1039.32 1063.41 79.3917
400 472 307.85 1062.93 498 359.70 1063.44 51.8522
401 472 307.85 1062.93 474 308.36 1080.89 17.9750
402 112 1039.32 1063.41 846 965.88 1061.12 73.4882
403 846 965.88 1061.12 845 964.05 1104.00 42.9173
404 818 910.23 1059.30 846 965.88 1061.12 55.6807
405 819 910.23 1101.27 818 910.23 1059.30 41.9662
606 818 910.23 1059.30 788 864.61 1057.48 45.6518
407 788 864.61 1057.48 780 855.61 1099.38 42.8979
408 788 864.61 1057.48 744 798.88 1053.94 65.8254
409 741 797.09 1095.78 744 798.88 1053.94 41.8867
410 744 798.88 1053.94 723 782.97 1050.86 16.2096
411 723 782.97 1050.86 712 770.39 1050.61 12.5800
412 712 770.39 1050.61 711 768.34 1092.70 42.1459
413 696 748.83 1049.58 712 770.39 1050.61 21.5857
414 673 717.51 1048.55 696 748.83 1049.58 31.3320
415 671 712.89 1086.54 673 717.51 1048.55 38.2688
416 673 717.51 1048.55 665 706.73 1046.50 10.9744
417 665 706.73 1046.50 639 671.83 1043.42 35.0443
418 637 668.74 1081.92 639 671.83 1043.42 38.6252
419 291 1356.35 1080.28 293 1360.91 1041.97 38.5875
420 639 671.83 1043.42 615 626.14 1040.85 45.7614
421 615 626.14 1040.85 613 621.00 1080.89 40.8919
422 422 20.37 1035.72 16 0.86 1076.27 58.5526
423 422 20.37 1035.72 7 0.35 1035.20 20.0277
424 615 626.14 1040.85 595 575.31 1035.20 51.1357
425 573 518.84 1217.45 595 575.31 1035.20 216.5060
426 595 575.31 1035.20 588 562.48 1033.66 12.9262
427 403 163.34 1034.43 426 203.89 1032.38 40.6076
428 509 389.48 1063.44 511 391.02 1031.61 31.8657
429 403 163.34 1034.43 246 126.38 1031.35 37.0903
430 247 126.89 1071.91 246 126.38 1031.35 40.5895
431 444 241.88 1080.12 445 242.91 1031.35 48.7803
432 445 242.91 1031.35 426 203.89 1032.38 39.0291
433 360 1488.63 1031.02 44 1558.88 1034.67 70.3897
434 356 1484.07 1086.67 360 1488.63 1031.02 56.0232
435 529 420.59 1030.85 511 391.02 1031.61 29.5811
436 700 75.30 1030.07 246 126.38 1031.35 51.0958
437 677 72.22 1193.32 700 75.30 1030.07 163.2784
438 700 75.30 1030.07 422 20.37 1035.72 55.2194
439 588 562.48 1033.66 548 481.11 1029.30 81.4850
440 548 481.11 1029.30 547 480.08 1065.75 36.4633
441 529 420.59 1030.85 548 481.11 1029.30 60.5438
621 511 391.02 1031.61 482 317.86 1028.79 73.2087
443 248 1261.01 1028.74 293 1360.91 1041.97 101.0120
444 243 1257.82 1079.37 248 1261.01 1028.74 51.3007
445 482 317.86 1028.79 473 308.36 1028.53 9.5007
446 473 308.36 1028.53 472 307.85 1062.93 34.3992
447 445 242.91 1031.35 473 308.36 1028.53 65.5147
448 312 1393.75 1028.28 293 1360.91 1041.97 36.0214
449 360 1488.63 1031.02 329 1419.30 1028.28 69.3893
450 329 1419.30 1028.28 326 1418.38 1083.02 54.7460
674 329 1419.30 1028.28 312 1393.75 1028.28 25.5446
452 248 1261.01 1028.74 195 1193.50 1023.26 67.9007
453 181 1175.25 1070.70 195 1193.50 1023.26 50.9174
454 195 1193.50 1023.26 158 1121.43 1015.97 73.2586
455 154 1118.69 1065.23 158 1121.43 1015.97 49.3406
456 112 1039.32 1063.41 114 1042.06 1012.32 51.3354
457 114 1042.06 1012.32 158 1121.43 1015.97 79.5327
458 846 965.88 1061.12 847 966.34 1011.40 49.7406
459 847 966.34 1011.40 114 1042.06 1012.32 75.7712
460 825 915.70 1009.12 847 966.34 1011.40 50.6844
461 818 910.23 1059.30 825 915.70 1009.12 50.4754
462 792 871.52 1006.97 788 864.61 1057.48 51.0888
463 825 915.70 1009.12 792 871.52 1006.97 44.3895
464 724 784.51 1004.15 792 871.52 1006.97 87.0667
465 723 782.97 1050.86 724 784.51 1004.15 46.7414
466 724 784.51 1004.15 699 749.86 1003.38 34.6606
467 696 748.83 1049.58 699 749.86 1003.38 46.2140
468 559 487.27 1002.09 548 481.11 1029.30 27.8969
469 699 749.86 1003.38 667 707.25 999.27 42.8718
470 665 706.73 1046.50 667 707.25 999.27 47.3069
471 667 707.25 999.27 618 634.86 997.22 72.4303
472 618 634.86 997.22 615 626.14 1040.85 44.5552
473 426 203.89 1032.38 428 204.92 994.39 38.0028
474 428 204.92 994.39 403 163.34 1034.43 79.6558
475 586 560.94 992.08 618 634.86 997.22 74.1690
476 588 562.48 1033.66 586 560.94 992.08 41.7378
477 727 786.30 984.90 724 784.51 1004.15 19.5069
478 363 1491.37 984.49 360 1488.63 1031.02 46.6081
479 363 1491.37 984.49 68 1560.70 989.96 69.7682
480 266 1293.85 982.21 248 1261.01 1028.74 61.3987
481 532 422.07 981.56 529 420.59 1030.85 49.3173
482 532 422.07 981.56 484 319.40 981.04 102.6739
483 484 319.40 981.04 482 317.86 1028.79 47.7676
484 340 1455.79 980.84 363 1491.37 984.49 35.7666
485 694 747.29 981.30 727 786.30 984.90 39.5216
486 667 707.25 999.27 694 747.29 981.30 56.6809
487 315 1396.49 978.10 312 1393.75 1028.28 50.2515
488 296 1367.29 976.28 315 1396.49 978.10 29.2507
489 293 1360.91 1041.97 296 1367.29 976.28 65.9958
490 792 871.52 1006.97 794 873.58 976.17 30.8702
491 727 786.30 984.90 794 873.58 976.17 88.1832
492 293 1360.91 1041.97 275 1320.77 975.37 79.5904
493 275 1320.77 975.37 266 1293.85 982.21 27.9325
494 587 561.97 975.14 586 560.94 992.08 16.9721
495 340 1455.79 980.84 320 1407.44 974.46 48.7722
496 315 1396.49 978.10 320 1407.44 974.46 11.5399
497 575 533.73 974.11 559 487.27 1002.09 60.4923
498 158 1121.43 1015.97 161 1130.55 974.00 42.9463
499 563 488.30 972.83 575 533.73 974.11 45.4507
500 559 487.27 1002.09 563 488.30 972.83 29.2797
501 587 561.97 975.14 575 533.73 974.11 28.5432
502 619 635.38 972.06 618 634.86 997.22 25.1601
503 619 635.38 972.06 587 561.97 975.14 73.5147
504 425 203.38 958.97 428 204.92 994.39 37.4038
505 700 75.30 1030.07 617 63.49 958.71 72.7681
506 401 159.75 957.94 425 203.38 958.97 43.6480
507 401 159.75 957.94 96 100.97 957.69 58.7807
508 617 63.49 958.71 96 100.97 957.69 37.4896
509 531 422.07 956.40 532 422.07 981.56 25.1762
510 563 488.30 972.83 560 487.78 956.40 16.4356
511 560 487.78 956.40 531 422.07 956.40 65.7105
193 480 316.32 955.89 484 319.40 981.04 25.3427
513 184 1182.55 955.75 195 1193.50 1023.26 71.5295
514 161 1130.55 974.00 184 1182.55 955.75 57.0850
515 531 422.07 956.40 507 380.49 955.38 41.5951
516 507 380.49 955.38 480 316.32 955.89 64.1724
517 425 203.38 958.97 480 316.32 955.89 113.4610
518 191 1190.76 942.07 266 1293.85 982.21 111.8968
519 191 1190.76 942.07 184 1182.55 955.75 15.9589
520 694 747.29 981.30 695 748.32 938.18 43.1347
521 695 748.32 938.18 666 707.25 938.69 41.4605
522 727 786.30 984.90 731 788.87 937.15 47.8552
523 731 788.87 937.15 695 748.32 938.18 40.8041
524 848 968.62 933.40 847 966.34 1011.40 78.3801
525 106 1029.74 931.58 114 1042.06 1012.32 81.8152
526 106 1029.74 931.58 848 968.62 933.40 61.1519
527 794 873.58 976.17 798 881.03 930.66 46.1106
528 848 968.62 933.40 822 912.97 930.66 55.7180
529 822 912.97 930.66 825 915.70 1009.12 79.1766
530 822 912.97 930.66 798 881.03 930.66 32.1429
531 127 1061.67 928.84 106 1029.74 931.58 32.0477
532 666 707.25 938.69 620 639.48 927.91 69.0467
533 620 639.48 927.91 619 635.38 972.06 44.3398
534 798 881.03 930.66 739 796.19 927.02 84.9747
535 739 796.19 927.02 731 788.87 937.15 12.5026
536 594 574.03 923.03 620 639.48 927.91 65.7316
537 594 574.03 923.03 587 561.97 975.14 53.6478
538 165 1137.85 922.91 191 1190.76 942.07 56.3759
539 161 1130.55 974.00 165 1137.85 922.91 51.6079
540 165 1137.85 922.91 127 1061.67 928.84 76.5654
541 429 205.18 922.26 425 203.38 958.97 36.7494
542 480 316.32 955.89 478 313.24 918.41 37.6195
543 429 205.18 922.26 478 313.24 918.41 108.1675
544 507 380.49 955.38 505 379.98 916.36 39.0190
545 505 379.98 916.36 478 313.24 918.41 66.7904
546 560 487.78 956.40 558 485.73 915.33 41.1204
547 527 417.97 914.82 558 485.73 915.33 67.7668
548 531 422.07 956.40 527 417.97 914.82 42.4540
549 505 379.98 916.36 527 417.97 914.82 38.0201
550 800 881.95 911.51 798 881.03 930.66 19.1802
551 593 573.00 910.71 594 574.03 923.03 12.3634
552 558 485.73 915.33 593 573.00 910.71 89.9971
553 382 1522.39 906.94 60 1559.79 915.16 38.2952
346 370 1498.67 904.21 382 1522.39 906.94 23.8773
555 363 1491.37 984.49 370 1498.67 904.21 80.9720
556 370 1498.67 904.21 339 1454.88 895.08 44.7310
557 339 1454.88 895.08 340 1455.79 980.84 86.1282
558 617 63.49 958.71 621 64.77 889.15 69.5726
559 621 64.77 889.15 658 7.79 898.39 58.6833
560 771 834.51 888.70 800 881.95 911.51 52.9172
561 746 803.49 887.79 771 834.51 888.70 31.0318
562 739 796.19 927.02 746 803.49 887.79 39.9989
563 335 1430.24 886.87 339 1454.88 895.08 25.9646
564 320 1407.44 974.46 335 1430.24 886.87 91.2538
565 478 313.24 918.41 479 315.29 885.05 33.4317
566 96 100.97 957.69 834 93.01 884.53 74.1423
567 621 64.77 889.15 834 93.01 884.53 28.6105
568 558 485.73 915.33 555 485.22 880.43 34.9125
569 555 485.22 880.43 528 418.48 879.40 66.7451
570 528 418.48 879.40 527 417.97 914.82 35.4258
571 479 315.29 885.05 528 418.48 879.40 103.3506
572 666 707.25 938.69 679 727.77 875.01 68.8910
573 382 1522.39 906.94 383 1526.95 875.01 32.2550
574 335 1430.24 886.87 305 1377.33 871.36 55.1400
575 305 1377.33 871.36 296 1367.29 976.28 105.4007
576 738 794.37 869.54 746 803.49 887.79 20.3998
577 679 727.77 875.01 738 794.37 869.54 67.3025
578 400 158.72 868.10 401 159.75 957.94 89.8925
579 834 93.01 884.53 400 158.72 868.10 67.7328
580 383 1526.95 875.01 373 1502.77 866.35 25.6910
581 265 1291.57 865.89 305 1377.33 871.36 85.9314
582 275 1320.77 975.37 265 1291.57 865.89 115.6824
583 265 1291.57 865.89 239 1253.71 862.70 37.9951
584 239 1253.71 862.70 191 1190.76 942.07 101.4229
585 658 7.79 898.39 19 1.12 862.46 36.6335
586 383 1526.95 875.01 59 1559.79 862.24 38.1018
587 423 200.56 861.17 429 205.18 922.26 61.2691
588 423 200.56 861.17 400 158.72 868.10 42.4092
589 212 1219.96 859.96 239 1253.71 862.70 33.8661
590 212 1219.96 859.96 170 1145.15 849.01 75.6328
591 170 1145.15 849.01 165 1137.85 922.91 74.2564
592 441 237.26 848.60 423 200.56 861.17 38.8006
593 463 280.90 840.38 441 237.26 848.60 44.4022
594 170 1145.15 849.01 143 1086.30 840.35 59.4787
595 143 1086.30 840.35 127 1061.67 928.84 93.6894
596 99 1006.93 834.87 143 1086.30 840.35 80.0002
597 848 968.62 933.40 99 1006.93 834.87 105.9305
598 373 1502.77 866.35 306 1379.61 834.42 128.1712
599 306 1379.61 834.42 305 1377.33 871.36 37.0188
600 479 315.29 885.05 476 311.44 833.45 51.9729
601 463 280.90 840.38 476 311.44 833.45 31.3215
602 835 935.77 829.40 99 1006.93 834.87 71.3702
603 835 935.77 829.40 809 891.98 827.57 43.8288
604 800 881.95 911.51 809 891.98 827.57 84.5301
605 373 1502.77 866.35 377 1509.16 827.12 39.7456
606 809 891.98 827.57 776 846.37 825.75 45.6518
607 771 834.51 888.70 776 846.37 825.75 64.1526
608 476 311.44 833.45 495 349.43 823.70 39.2211
609 240 1254.62 821.64 239 1253.71 862.70 41.0714
610 212 1219.96 859.96 240 1254.62 821.64 56.4829
611 738 794.37 869.54 743 798.01 817.54 52.5335
612 776 846.37 825.75 756 816.26 817.54 31.2057
613 743 798.01 817.54 756 816.26 817.54 18.2462
614 733 789.80 813.89 743 798.01 817.54 8.9852
615 390 1538.35 812.52 66 1560.25 817.99 22.7310
616 377 1509.16 827.12 390 1538.35 812.52 37.8169
617 733 789.80 813.89 683 733.24 808.42 56.8273
618 679 727.77 875.01 683 733.24 808.42 66.8243
619 528 418.48 879.40 524 414.12 808.30 71.4200
620 524 414.12 808.30 495 349.43 823.70 66.4919
621 561 488.04 807.27 555 485.22 880.43 73.2087
622 544 443.89 805.22 561 488.04 807.27 44.1970
623 544 443.89 805.22 524 414.12 808.30 29.9340
624 306 1379.61 834.42 269 1302.06 804.31 88.5299
625 269 1302.06 804.31 240 1254.62 821.64 54.2111
626 495 349.43 823.70 494 347.89 802.14 21.6162
627 593 573.00 910.71 596 579.93 801.11 110.4870
628 596 579.93 801.11 561 488.04 807.27 92.0983
629 621 64.77 889.15 597 58.61 800.85 88.5223
630 597 58.61 800.85 14 0.60 799.83 58.0957
631 683 733.24 808.42 623 644.10 798.54 89.6822
632 623 644.10 798.54 620 639.48 927.91 129.4609
633 623 644.10 798.54 596 579.93 801.11 64.2217
634 170 1145.15 849.01 173 1150.62 794.27 55.0115
635 377 1509.16 827.12 349 1478.14 793.36 48.0984
636 390 1538.35 812.52 386 1534.70 791.54 21.4613
637 215 1221.78 789.71 212 1219.96 859.96 70.4812
638 215 1221.78 789.71 173 1150.62 794.27 71.6846
639 349 1478.14 793.36 309 1386.91 786.98 92.1290
640 306 1379.61 834.42 309 1386.91 786.98 47.9981
641 386 1534.70 791.54 65 1560.25 785.15 26.9614
642 461 279.87 780.32 494 347.89 802.14 71.5159
643 461 279.87 780.32 463 280.90 840.38 60.9465
644 456 270.63 776.21 461 279.87 780.32 10.1121
645 99 1006.93 834.87 100 1009.67 774.66 61.6058
646 414 185.67 769.80 441 237.26 848.60 108.7823
647 400 158.72 868.10 414 185.67 769.80 102.7381
648 830 923.91 767.36 835 935.77 829.40 65.2357
649 732 788.89 765.54 733 789.80 813.89 49.1819
848 810 897.46 765.54 830 923.91 767.36 26.5198
651 810 897.46 765.54 809 891.98 827.57 62.2779
652 793 872.82 762.80 810 897.46 765.54 24.7839
653 218 1224.52 761.43 215 1221.78 789.71 28.4137
654 240 1254.62 821.64 236 1249.15 760.52 61.5912
655 218 1224.52 761.43 236 1249.15 760.52 24.6492
656 756 816.26 817.54 793 872.82 762.80 114.6172
657 206 1211.75 756.87 218 1224.52 761.43 13.5625
658 206 1211.75 756.87 174 1155.18 754.13 56.6606
659 173 1150.62 794.27 174 1155.18 754.13 40.3999
660 456 270.63 776.21 430 208.51 751.57 66.9605
661 717 772.47 748.20 732 788.89 765.54 23.8774
662 704 754.22 747.29 717 772.47 748.20 18.2689
663 683 733.24 808.42 704 754.22 747.29 66.9272
664 430 208.51 751.57 415 189.26 746.18 19.9915
665 415 189.26 746.18 414 185.67 769.80 23.8865
666 625 646.93 742.84 623 644.10 798.54 55.7715
667 704 754.22 747.29 664 705.87 742.73 48.5669
668 664 705.87 742.73 625 646.93 742.84 58.9447
669 414 185.67 769.80 804 89.16 742.59 100.7788
670 597 58.61 800.85 584 56.82 740.53 60.3469
671 262 1288.38 739.54 269 1302.06 804.31 67.0358
672 285 1337.64 738.62 262 1288.38 739.54 49.2804
673 269 1302.06 804.31 294 1363.19 738.62 95.6485
674 294 1363.19 738.62 285 1337.64 738.62 25.5446
675 561 488.04 807.27 556 485.47 738.48 68.8386
676 556 485.47 738.48 544 443.89 805.22 85.9080
677 804 89.16 742.59 584 56.82 740.53 33.1731
678 138 1082.65 736.34 143 1086.30 840.35 104.2639
679 584 56.82 740.53 11 0.35 735.91 57.1787
680 100 1009.67 774.66 113 1040.69 733.61 61.4449
969 811 899.28 730.87 810 897.46 765.54 34.7156
682 113 1040.69 733.61 138 1082.65 736.34 43.2068
683 791 871.00 729.04 811 899.28 730.87 28.3403
684 793 872.82 762.80 791 871.00 729.04 34.6898
685 113 1040.69 733.61 862 989.60 721.75 56.4218
686 862 989.60 721.75 100 1009.67 774.66 56.8276
687 830 923.91 767.36 862 989.60 721.75 82.9899
688 260 1283.82 719.47 262 1288.38 739.54 20.6967
689 494 347.89 802.14 490 336.86 717.18 86.5311
690 556 485.47 738.48 554 484.96 716.92 21.5673
691 554 484.96 716.92 501 367.66 716.15 117.4464
692 490 336.86 717.18 501 367.66 716.15 30.8189
693 236 1249.15 760.52 233 1248.24 715.82 45.4516
694 233 1248.24 715.82 260 1283.82 719.47 35.9413
695 747 807.14 714.45 732 788.89 765.54 57.1382
696 775 846.37 714.45 747 807.14 714.45 39.2292
697 791 871.00 729.04 775 846.37 714.45 32.9385
698 715 771.56 710.80 747 807.14 714.45 35.7667
699 715 771.56 710.80 717 772.47 748.20 37.4157
700 705 755.14 709.89 715 771.56 710.80 16.4468
701 705 755.14 709.89 704 754.22 747.29 37.9985
702 349 1478.14 793.36 359 1486.35 707.61 86.6430
703 862 989.60 721.75 860 986.86 703.50 18.4503
704 359 1486.35 707.61 313 1394.21 703.04 96.1928
705 313 1394.21 703.04 309 1386.91 786.98 84.2514
706 626 648.21 698.95 625 646.93 742.84 43.9113
707 294 1363.19 738.62 298 1369.58 698.48 40.6564
708 298 1369.58 698.48 313 1394.21 703.04 25.4792
709 581 551.18 697.92 626 648.21 698.95 97.0352
710 554 484.96 716.92 581 551.18 697.92 77.2397
711 298 1369.58 698.48 286 1343.12 695.75 26.5981
712 286 1343.12 695.75 285 1337.64 738.62 43.2929
713 386 1534.70 791.54 388 1535.61 695.75 96.7948
714 388 1535.61 695.75 359 1486.35 707.61 50.6877
715 286 1343.12 695.75 284 1333.08 693.92 10.1999
716 261 1287.47 688.45 284 1333.08 693.92 45.9426
717 260 1283.82 719.47 261 1287.47 688.45 31.2324
718 388 1535.61 695.75 64 1560.25 687.53 25.9648
719 488 332.75 686.89 490 336.86 717.18 30.5656
720 501 367.66 716.15 488 332.75 686.89 56.3780
721 803 89.16 685.60 415 189.26 746.18 117.7854
722 804 89.16 742.59 803 89.16 685.60 57.2501
723 488 332.75 686.89 464 281.93 682.78 51.0433
724 464 281.93 682.78 456 270.63 776.21 94.1601
725 261 1287.47 688.45 259 1280.17 682.06 9.6980
726 225 1238.20 680.24 233 1248.24 715.82 37.2003
727 259 1280.17 682.06 225 1238.20 680.24 42.0269
728 138 1082.65 736.34 137 1080.83 679.78 56.5925
729 208 1214.48 676.59 206 1211.75 756.87 80.5356
868 225 1238.20 680.24 219 1226.34 676.59 12.4087
731 208 1214.48 676.59 219 1226.34 676.59 11.8600
732 815 903.84 676.13 811 899.28 730.87 54.9282
733 116 1045.25 676.13 137 1080.83 679.78 36.6936
734 116 1045.25 676.13 860 986.86 703.50 71.5956
735 174 1155.18 754.13 176 1159.74 673.85 80.4125
736 176 1159.74 673.85 208 1214.48 676.59 54.8705
737 777 850.02 671.57 815 903.84 676.13 54.0190
90 775 846.37 714.45 777 850.02 671.57 43.0334
739 706 756.05 661.53 777 850.02 671.57 94.5020
740 706 756.05 661.53 705 755.14 709.89 48.3713
741 669 711.35 659.71 706 756.05 661.53 44.7403
742 664 705.87 742.73 669 711.35 659.71 83.4496
743 550 482.39 659.42 554 484.96 716.92 57.5540
744 118 1047.99 656.06 116 1045.25 676.13 20.2673
745 537 427.46 654.80 550 482.39 659.42 56.1548
746 137 1080.83 679.78 133 1077.18 653.32 26.7074
747 133 1077.18 653.32 118 1047.99 656.06 29.4204
748 583 56.82 652.75 803 89.16 685.60 46.5139
749 584 56.82 740.53 583 56.82 652.75 87.7851
750 583 56.82 652.75 18 0.86 658.91 56.5869
751 669 711.35 659.71 634 652.83 651.21 59.1800
752 634 652.83 651.21 626 648.21 698.95 47.9662
753 856 982.30 648.76 118 1047.99 656.06 66.6946
754 860 986.86 703.50 856 982.30 648.76 55.2383
755 580 550.16 647.62 634 652.83 651.21 102.7369
756 581 551.18 697.92 580 550.16 647.62 50.3201
757 550 482.39 659.42 553 483.93 647.10 12.4166
758 553 483.93 647.10 580 550.16 647.62 66.2423
759 369 1498.21 637.36 43 1558.28 640.91 60.1715
760 352 1480.88 635.53 369 1498.21 637.36 17.4295
761 352 1480.88 635.53 359 1486.35 707.61 81.9695
762 344 1464.00 633.25 352 1480.88 635.53 17.0311
763 344 1464.00 633.25 317 1399.68 630.97 64.3582
764 317 1399.68 630.97 313 1394.21 703.04 72.2799
765 289 1350.87 627.78 284 1333.08 693.92 68.9958
766 317 1399.68 630.97 299 1370.94 625.95 29.1724
767 299 1370.94 625.95 289 1350.87 627.78 20.1536
768 289 1350.87 627.78 256 1273.78 624.59 77.1561
769 256 1273.78 624.59 259 1280.17 682.06 58.5472
770 256 1273.78 624.59 217 1224.52 622.76 49.2983
771 217 1224.52 622.76 219 1226.34 676.59 54.1918
772 217 1224.52 622.76 207 1212.20 622.30 12.3246
773 177 1163.85 619.57 207 1212.20 622.30 48.4297
774 177 1163.85 619.57 176 1159.74 673.85 54.4373
775 155 1119.15 616.83 177 1163.85 619.57 44.7868
776 369 1498.21 637.36 368 1498.21 615.46 21.9870
777 155 1119.15 616.83 132 1077.18 614.09 42.0552
778 133 1077.18 653.32 132 1077.18 614.09 39.2728
779 132 1077.18 614.09 117 1047.07 610.44 30.3266
780 857 984.13 608.62 856 982.30 648.76 40.1830
781 117 1047.07 610.44 865 995.07 608.62 52.0335
782 865 995.07 608.62 857 984.13 608.62 10.9477
783 857 984.13 608.62 820 912.05 605.88 72.1242
784 820 912.05 605.88 815 903.84 676.13 70.7259
785 820 912.05 605.88 784 858.23 604.97 53.8339
786 777 850.02 671.57 784 858.23 604.97 67.2358
787 708 759.70 601.32 706 756.05 661.53 60.4262
788 742 798.01 601.32 708 759.70 601.32 38.3169
789 784 858.23 604.97 742 798.01 601.32 60.3228
790 708 759.70 601.32 693 746.93 599.50 12.9020
791 693 746.93 599.50 662 704.96 596.76 42.0553
792 662 704.96 596.76 636 660.27 592.43 44.8942
793 636 660.27 592.43 634 652.83 651.21 59.2533
794 609 613.04 591.40 636 660.27 592.43 47.2406
795 579 550.16 590.63 609 613.04 591.40 62.8917
796 580 550.16 647.62 579 550.16 590.63 56.9833
797 368 1498.21 615.46 361 1488.63 589.46 27.7092
798 579 550.16 590.63 552 483.16 587.81 67.0535
799 553 483.93 647.10 552 483.16 587.81 59.2985
800 485 319.66 586.53 504 376.90 586.78 57.2406
801 488 332.75 686.89 485 319.66 586.53 101.7275
802 515 396.92 586.27 537 427.46 654.80 91.7845
803 515 396.92 586.27 504 376.90 586.78 20.0278
804 552 483.16 587.81 536 425.67 586.27 57.5173
805 537 427.46 654.80 536 425.67 586.27 69.2967
806 536 425.67 586.27 515 396.92 586.27 28.7483
807 368 1498.21 615.46 50 1559.33 586.27 67.7392
808 430 208.51 751.57 410 180.54 586.01 170.2645
809 449 250.87 586.01 485 319.66 586.53 68.7926
810 464 281.93 682.78 449 250.87 586.01 109.1965
811 410 180.54 586.01 449 250.87 586.01 70.3307
812 237 125.61 585.50 410 180.54 586.01 54.9323
813 817 91.21 583.96 237 125.61 585.50 34.4298
814 803 89.16 685.60 817 91.21 583.96 101.7142
815 578 55.79 579.34 817 91.21 583.96 35.7221
816 583 56.82 652.75 578 55.79 579.34 73.4181
817 578 55.79 579.34 10 0.35 580.36 55.7684
818 866 996.90 574.86 865 995.07 608.62 33.8116
819 152 1107.29 573.95 155 1119.15 616.83 44.7887
820 820 912.05 605.88 824 914.79 571.22 34.7755
821 179 1172.06 570.30 177 1163.85 619.57 49.9441
822 353 1481.33 570.30 361 1488.63 589.46 20.5251
823 353 1481.33 570.30 344 1464.00 633.25 77.4435
824 693 746.93 599.50 688 738.71 567.57 33.4969
825 688 738.71 567.57 662 704.96 596.76 51.7891
826 164 1137.39 566.65 179 1172.06 570.30 34.8593
827 164 1137.39 566.65 152 1107.29 573.95 30.9782
828 207 1212.20 622.30 209 1216.76 563.00 59.6131
829 209 1216.76 563.00 179 1172.06 570.30 47.9173
830 398 1556.60 560.72 69 1561.16 574.41 14.4248
831 361 1488.63 589.46 398 1556.60 560.72 74.2406
832 117 1047.07 610.44 108 1031.57 560.27 54.0814
833 108 1031.57 560.27 866 996.90 574.86 39.3931
834 308 1386.45 559.36 299 1370.94 625.95 72.7695
835 827 915.70 556.62 824 914.79 571.22 14.6254
836 317 1399.68 630.97 319 1404.70 554.79 76.4126
837 308 1386.45 559.36 319 1404.70 554.79 18.8076
838 786 862.79 552.06 827 915.70 556.62 53.1109
839 786 862.79 552.06 784 858.23 604.97 53.1134
840 864 990.51 548.41 866 996.90 574.86 27.2386
841 824 914.79 571.22 864 990.51 548.41 81.3340
842 730 787.07 547.50 742 798.01 601.32 55.6264
843 688 738.71 567.57 730 787.07 547.50 53.1235
844 730 787.07 547.50 786 862.79 552.06 76.3053
845 394 1550.17 544.84 70 1561.75 546.00 11.6330
846 394 1550.17 544.84 398 1556.60 560.72 17.1342
847 179 1172.06 570.30 178 1172.06 543.85 26.4569
848 210 1218.59 536.55 209 1216.76 563.00 26.5198
849 178 1172.06 543.85 210 1218.59 536.55 48.5545
850 557 485.73 535.96 552 483.16 587.81 51.9132
851 267 1297.05 535.64 289 1350.87 627.78 114.1814
852 267 1297.05 535.64 308 1386.45 559.36 101.3474
853 345 1466.74 533.81 353 1481.33 570.30 39.3399
854 319 1404.70 554.79 345 1466.74 533.81 66.5124
855 152 1107.29 573.95 139 1083.57 527.42 52.2251
856 108 1031.57 560.27 139 1083.57 527.42 62.9975
857 237 125.61 585.50 227 124.07 524.41 61.1121
858 585 560.17 524.15 579 550.16 590.63 75.4680
859 585 560.17 524.15 557 485.73 535.96 75.3957
860 566 49.12 523.38 227 124.07 524.41 74.9581
861 578 55.79 579.34 566 49.12 523.38 56.3532
862 408 179.51 521.33 410 180.54 586.01 64.9957
863 227 124.07 524.41 408 179.51 521.33 55.5287
864 366 1493.45 520.53 394 1550.17 544.84 63.3065
865 345 1466.74 533.81 366 1493.45 520.53 29.8372
866 721 779.77 520.13 730 787.07 547.50 28.3257
867 636 660.27 592.43 643 675.77 515.56 78.4098
868 139 1083.57 527.42 135 1079.92 515.56 12.4087
869 535 425.67 513.88 557 485.73 535.96 67.3395
870 504 376.90 586.78 535 425.67 513.88 91.6445
871 210 1218.59 536.55 267 1297.05 535.64 94.8503
872 160 1122.80 509.18 164 1137.39 566.65 59.3000
873 135 1079.92 515.56 160 1122.80 509.18 43.3514
874 714 771.56 507.35 721 779.77 520.13 15.1838
875 643 675.77 515.56 714 771.56 507.35 100.0847
876 180 1174.80 504.62 178 1172.06 543.85 39.3246
877 160 1122.80 509.18 180 1174.80 504.62 53.2310
903 135 1079.92 515.56 131 1073.53 500.97 15.9328
879 131 1073.53 500.97 108 1031.57 560.27 85.9340
880 609 613.04 591.40 607 606.37 499.51 96.4809
881 607 606.37 499.51 585 560.17 524.15 59.8877
882 730 787.07 547.50 764 825.38 499.14 67.9045
883 764 825.38 499.14 721 779.77 520.13 50.4600
884 351 1479.56 495.07 54 1559.43 500.85 80.1097
885 366 1493.45 520.53 351 1479.56 495.07 29.1773
886 130 1071.71 490.02 131 1073.53 500.97 11.0987
887 351 1479.56 495.07 347 1469.15 488.12 12.5206
888 790 867.35 480.90 786 862.79 552.06 71.3385
889 764 825.38 499.14 790 867.35 480.90 45.7611
890 831 924.83 479.07 827 915.70 556.62 78.0809
891 518 40.90 476.67 566 49.12 523.38 47.4326
892 790 867.35 480.90 831 924.83 479.07 59.0113
893 130 1071.71 490.02 157 1120.06 473.60 51.0648
894 417 193.63 472.82 408 179.51 521.33 50.5265
873 647 682.15 472.69 643 675.77 515.56 43.3514
896 227 124.07 524.41 222 123.04 472.05 52.3731
897 222 123.04 472.05 518 40.90 476.67 82.4752
898 852 975.91 469.95 864 990.51 548.41 80.4607
899 222 123.04 472.05 417 193.63 472.82 72.0359
900 182 1177.53 466.30 180 1174.80 504.62 38.4145
901 157 1120.06 473.60 182 1177.53 466.30 58.7022
902 833 928.47 463.56 852 975.91 469.95 47.8962
903 831 924.83 479.07 833 928.47 463.56 15.9328
904 714 771.56 507.35 701 752.40 458.09 53.0259
905 124 1058.02 458.09 130 1071.71 490.02 34.7396
906 852 975.91 469.95 124 1058.02 458.09 84.6734
907 701 752.40 458.09 647 682.15 472.69 73.9793
908 535 425.67 513.88 510 389.76 449.42 75.2142
909 354 1481.88 446.45 53 1559.43 451.08 77.7489
910 351 1479.56 495.07 354 1481.88 446.45 48.7087
911 182 1177.53 466.30 245 1259.19 442.12 89.4086
912 417 193.63 472.82 440 231.62 441.50 49.9231
913 851 975.91 439.84 852 975.91 469.95 30.1061
914 648 686.71 437.11 647 682.15 472.69 35.9827
915 440 231.62 441.50 418 197.73 436.37 34.2886
916 418 197.73 436.37 417 193.63 472.82 36.7330
917 120 1048.90 436.19 124 1058.02 458.09 23.7200
918 607 606.37 499.51 611 618.29 435.28 65.4091
919 611 618.29 435.28 648 686.71 437.11 68.5563
920 690 742.36 431.63 701 752.40 458.09 28.3066
921 648 686.71 437.11 690 742.36 431.63 56.0687
922 347 1469.15 488.12 322 1411.54 431.18 84.0026
923 319 1404.70 554.79 322 1411.54 431.18 123.8069
924 157 1120.06 473.60 149 1103.64 428.90 47.6238
925 149 1103.64 428.90 120 1048.90 436.19 58.0307
926 183 1182.55 425.70 182 1177.53 466.30 40.9066
927 562 488.29 424.79 557 485.73 535.96 111.3185
928 690 742.36 431.63 710 767.00 422.51 26.2675
929 518 40.90 476.67 462 28.32 420.45 57.6032
930 462 28.32 420.45 5 0.09 429.18 29.9568
931 539 430.81 419.32 562 488.29 424.79 58.5226
932 510 389.76 449.42 539 430.81 419.32 56.5761
933 418 197.73 436.37 420 198.25 418.91 17.4619
934 214 122.78 417.89 222 123.04 472.05 54.2152
935 462 28.32 420.45 214 122.78 417.89 94.5814
936 420 198.25 418.91 214 122.78 417.89 75.5102
937 273 1319.40 415.67 322 1411.54 431.18 97.4066
938 273 1319.40 415.67 245 1259.19 442.12 66.0888
939 562 488.29 424.79 611 618.29 435.28 133.7453
940 120 1048.90 436.19 111 1037.95 413.39 25.2991
941 111 1037.95 413.39 851 975.91 439.84 69.8317
942 245 1259.19 442.12 183 1182.55 425.70 92.8469
943 753 811.70 410.65 710 767.00 422.51 46.2496
944 753 811.70 410.65 765 828.12 407.91 16.6480
945 796 880.12 399.70 790 867.35 480.90 82.1957
946 765 828.12 407.91 796 880.12 399.70 52.7837
947 851 975.91 439.84 853 980.48 396.96 43.1225
948 347 1469.15 488.12 346 1469.15 394.36 95.7902
949 362 1489.98 394.36 67 1560.59 397.83 70.7015
950 354 1481.88 446.45 362 1489.98 394.36 52.7373
951 346 1469.15 394.36 362 1489.98 394.36 20.8356
952 853 980.48 396.96 836 936.69 394.23 43.8762
953 836 936.69 394.23 833 928.47 463.56 69.8198
954 836 936.69 394.23 826 915.70 393.32 21.0029
955 796 880.12 399.70 826 915.70 393.32 36.1486
956 110 1032.48 391.49 111 1037.95 413.39 22.5693
957 853 980.48 396.96 110 1032.48 391.49 52.4508
958 513 393.41 389.21 539 430.81 419.32 48.2244
959 510 389.76 449.42 513 393.41 389.21 62.8246
960 325 1416.10 389.21 346 1469.15 394.36 53.2937
961 322 1411.54 431.18 325 1416.10 389.21 42.2133
962 110 1032.48 391.49 126 1060.76 386.93 28.6471
963 325 1416.10 389.21 287 1344.03 385.56 72.1913
964 287 1344.03 385.56 273 1319.40 415.67 39.7359
965 146 1089.95 384.19 149 1103.64 428.90 46.7519
1024 126 1060.76 386.93 146 1089.95 384.19 29.3219
967 183 1182.55 425.70 186 1184.83 378.72 47.0392
968 287 1344.03 385.56 252 1262.84 378.26 81.5227
969 172 1150.17 376.89 186 1184.83 378.72 34.7156
970 146 1089.95 384.19 172 1150.17 376.89 60.6530
971 221 1228.17 375.53 252 1262.84 378.26 34.7756
972 221 1228.17 375.53 186 1184.83 378.72 44.2642
973 722 782.51 372.33 753 811.70 410.65 48.9114
974 513 393.41 389.21 497 356.62 370.91 41.0855
975 497 356.62 370.91 485 319.66 586.53 222.6905
976 105 1023.35 367.77 110 1032.48 391.49 25.4139
977 691 743.28 366.86 722 782.51 372.33 39.9036
978 710 767.00 422.51 691 743.28 366.86 62.3226
979 691 743.28 366.86 654 695.84 364.12 47.8156
980 654 695.84 364.12 648 686.71 437.11 73.5526
981 105 1023.35 367.77 104 1023.35 354.09 13.6846
1013 126 1060.76 386.93 123 1058.02 354.09 32.9569
983 123 1058.02 354.09 104 1023.35 354.09 34.6677
984 223 1231.82 351.81 221 1228.17 375.53 23.9990
985 145 1087.22 349.52 146 1089.95 384.19 35.0717
986 123 1058.02 354.09 145 1087.22 349.52 29.5481
987 457 271.40 348.84 497 356.62 370.91 88.3986
988 457 271.40 348.84 440 231.62 441.50 101.1213
989 252 1262.84 378.26 249 1261.01 345.42 32.8937
990 223 1231.82 351.81 249 1261.01 345.42 29.8842
991 365 1492.30 344.59 52 1559.43 349.22 67.2962
992 362 1489.98 394.36 365 1492.30 344.59 51.3309
775 328 1418.84 344.51 325 1416.10 389.21 44.7868
994 287 1344.03 385.56 328 1418.84 344.51 89.2959
995 462 28.32 420.45 570 5.99 344.22 79.4379
996 858 985.04 343.14 105 1023.35 367.77 65.0045
997 431 211.85 342.16 457 271.40 348.84 59.9242
998 431 211.85 342.16 420 198.25 418.91 77.9745
999 858 985.04 343.14 837 943.98 339.49 41.2157
1000 837 943.98 339.49 836 936.69 394.23 55.2229
1001 104 1023.35 354.09 102 1015.14 337.66 18.3598
1002 102 1015.14 337.66 858 985.04 343.14 30.7583
1003 213 122.01 331.38 431 211.85 342.16 90.5000
1004 213 122.01 331.38 214 122.78 417.89 86.9589
1005 270 1305.71 330.82 249 1261.01 345.42 47.0258
1006 570 5.99 344.22 213 122.01 331.38 118.3900
1007 277 1323.96 324.44 287 1344.03 385.56 64.8645
1008 270 1305.71 330.82 277 1323.96 324.44 19.3315
1009 765 828.12 407.91 759 819.00 320.33 88.9959
1010 144 1087.22 320.33 145 1087.22 349.52 29.7203
1011 826 915.70 393.32 785 859.14 319.42 93.5437
1012 785 859.14 319.42 759 819.00 320.33 40.2515
1013 759 819.00 320.33 726 786.15 317.59 32.9569
1014 722 782.51 372.33 726 786.15 317.59 55.4155
1015 172 1150.17 376.89 167 1141.04 316.68 61.1163
1016 167 1141.04 316.68 144 1087.22 320.33 54.9191
1017 726 786.15 317.59 692 744.19 315.77 42.0528
1018 691 743.28 366.86 692 744.19 315.77 51.0974
1019 849 970.44 315.77 858 985.04 343.14 31.2855
1020 570 5.99 344.22 517 4.19 315.25 29.0247
1021 249 1261.01 345.42 242 1256.45 314.40 31.3520
1022 242 1256.45 314.40 270 1305.71 330.82 60.6061
1023 839 946.72 310.30 849 970.44 315.77 24.3434
1024 839 946.72 310.30 837 943.98 339.49 29.3219
1025 692 744.19 315.77 663 705.87 309.38 38.8454
1026 663 705.87 309.38 654 695.84 364.12 55.6507
1027 197 1196.24 304.37 223 1231.82 351.81 63.7536
1028 186 1184.83 378.72 197 1196.24 304.37 75.2225
1029 460 279.29 302.09 457 271.40 348.84 47.4141
1030 367 1494.61 301.76 42 1558.28 308.70 64.0418
1031 365 1492.30 344.59 367 1494.61 301.76 42.8911
1032 431 211.85 342.16 435 218.61 301.64 41.0843
1033 773 840.89 298.44 785 859.14 319.42 27.8066
1034 102 1015.14 337.66 97 1000.55 297.52 42.7131
1035 97 1000.55 297.52 849 970.44 315.77 35.6093
1036 412 182.91 297.18 435 218.61 301.64 35.9844
1037 144 1087.22 320.33 141 1085.39 296.61 24.3438
1038 460 279.29 302.09 465 282.42 292.71 9.8777
1039 770 834.51 292.05 773 840.89 298.44 9.0314
1040 759 819.00 320.33 770 834.51 292.05 32.8459
1041 517 4.19 315.25 6 0.18 290.26 25.3094
1042 242 1256.45 314.40 235 1249.15 288.86 26.5668
1043 235 1249.15 288.86 197 1196.24 304.37 55.7686
1044 277 1323.96 324.44 316 1399.68 287.94 84.2307
1045 331 1423.40 286.12 328 1418.84 344.51 58.5656
1046 292 136.50 286.02 412 182.91 297.18 47.9288
1047 292 136.50 286.02 213 122.01 331.38 48.3634
1048 316 1399.68 287.94 331 1423.40 286.12 24.0894
1049 163 1137.39 283.84 167 1141.04 316.68 33.0509
1050 141 1085.39 296.61 163 1137.39 283.84 53.8243
1051 438 223.51 280.22 465 282.42 292.71 60.2127
1052 435 218.61 301.64 438 223.51 280.22 21.9742
1053 277 1323.96 324.44 268 1297.50 274.26 56.8999
1054 268 1297.50 274.26 235 1249.15 288.86 50.8320
1055 142 1086.30 273.80 141 1085.39 296.61 22.8427
1056 670 712.26 268.33 663 705.87 309.38 41.5476
1057 729 787.07 267.42 726 786.15 317.59 50.1880
1058 729 787.07 267.42 670 712.26 268.33 74.8738
1059 758 819.00 266.50 770 834.51 292.05 29.9052
1060 758 819.00 266.50 750 809.87 264.68 9.3038
1061 750 809.87 264.68 729 787.07 267.42 22.9713
1062 773 840.89 298.44 802 882.86 264.68 62.5915
1063 802 882.86 264.68 758 819.00 266.50 63.9861
1064 231 1246.41 263.31 235 1249.15 288.86 25.6908
1065 231 1246.41 263.31 199 1199.89 259.66 46.6706
38 197 1196.24 304.37 199 1199.89 259.66 44.8518
1067 367 1494.61 301.76 371 1499.24 258.93 43.0782
1068 387 1535.13 258.93 51 1559.43 261.24 24.4182
1069 371 1499.24 258.93 387 1535.13 258.93 35.8834
1070 254 1270.13 256.01 231 1246.41 263.31 24.8174
1071 365 1492.30 344.59 343 1462.20 254.30 106.0390
1072 254 1270.13 256.01 268 1297.50 274.26 39.0292
1073 350 1479.56 253.14 371 1499.24 258.93 20.5115
1074 350 1479.56 253.14 343 1462.20 254.30 17.4015
1075 483 318.78 250.99 460 279.29 302.09 86.5550
1076 343 1462.20 254.30 332 1426.14 250.54 36.2629
1077 332 1426.14 250.54 331 1423.40 286.12 35.6851
1078 316 1399.68 287.94 295 1366.84 248.71 51.4180
1079 142 1086.30 273.80 136 1080.83 248.26 26.1245
1080 483 318.78 250.99 467 295.13 247.87 23.9334
1081 465 282.42 292.71 467 295.13 247.87 46.6143
1082 159 1122.80 238.22 142 1086.30 273.80 54.8619
1083 136 1080.83 248.26 159 1122.80 238.22 43.4174
1084 387 1535.13 258.93 389 1537.44 236.94 22.1146
1085 467 295.13 247.87 470 298.26 235.37 12.8789
1086 301 1372.31 235.03 332 1426.14 250.54 56.3013
1087 295 1366.84 248.71 301 1372.31 235.03 14.7388
1088 801 882.86 232.75 802 882.86 264.68 31.9308
1089 438 223.51 280.22 439 230.88 229.13 51.6209
1090 470 298.26 235.37 439 230.88 229.13 67.8238
1091 389 1537.44 236.94 357 1484.19 228.83 54.1625
1092 357 1484.19 228.83 350 1479.56 253.14 24.7452
1093 799 881.95 225.45 801 882.86 232.75 7.3553
1094 163 1137.39 283.84 162 1131.01 225.45 61.3040
317 162 1131.01 225.45 159 1122.80 238.22 15.1839
1096 421 199.64 225.11 439 230.88 229.13 31.4931
1097 412 182.91 297.18 421 199.64 225.11 73.9913
1098 752 811.70 223.63 799 881.95 225.45 70.3688
1099 750 809.87 264.68 752 811.70 223.63 41.0944
1100 801 882.86 232.75 814 903.84 223.63 23.7531
716 676 717.73 222.71 670 712.26 268.33 45.9426
1102 199 1199.89 259.66 200 1201.71 222.26 37.4491
1103 282 1331.26 221.35 295 1366.84 248.71 45.0813
1104 251 1262.84 219.52 254 1270.13 256.01 37.3264
1105 200 1201.71 222.26 251 1262.84 219.52 61.2488
1106 421 199.64 225.11 404 163.50 218.86 36.6804
1107 404 163.50 218.86 292 136.50 286.02 72.3934
1108 752 811.70 223.63 676 717.73 222.71 94.5381
1109 841 957.67 214.50 839 946.72 310.30 96.4158
1110 814 903.84 223.63 841 957.67 214.50 54.7121
1111 334 1429.79 212.63 332 1426.14 250.54 38.0865
1112 97 1000.55 297.52 861 988.69 209.03 91.4680
1113 861 988.69 209.03 841 957.67 214.50 31.5042
1114 602 600.04 207.20 676 717.73 222.71 118.9612
1115 562 488.29 424.79 602 600.04 207.20 245.1230
1116 861 988.69 209.03 867 997.81 203.56 10.6393
1117 334 1429.79 212.63 311 1392.75 199.90 39.9344
1118 311 1392.75 199.90 301 1372.31 235.03 41.3296
1119 253 1268.31 195.80 282 1331.26 221.35 68.2176
1120 251 1262.84 219.52 253 1268.31 195.80 24.3575
1121 389 1537.44 236.94 395 1551.33 195.27 44.2333
1122 134 1078.09 188.05 136 1080.83 248.26 60.8738
1123 134 1078.09 188.05 867 997.81 203.56 81.8437
1124 162 1131.01 225.45 171 1147.43 183.48 45.2109
1125 202 1203.99 181.66 253 1268.31 195.80 65.9737
1126 202 1203.99 181.66 200 1201.71 222.26 40.6617
1127 171 1147.43 183.48 202 1203.99 181.66 56.6806
1128 395 1551.33 195.27 358 1485.35 180.22 67.6734
1129 357 1484.19 228.83 358 1485.35 180.22 48.6300
1130 807 891.07 179.84 814 903.84 223.63 45.6227
1131 807 891.07 179.84 799 881.95 225.45 46.6798
1132 867 997.81 203.56 98 1001.46 176.19 27.6114
1133 156 1120.06 175.27 134 1078.09 188.05 44.1580
1134 171 1147.43 183.48 156 1120.06 175.27 30.5200
1135 517 4.19 315.25 632 65.33 171.12 162.0827
1136 358 1485.35 180.22 336 1433.26 169.80 53.1204
1137 336 1433.26 169.80 334 1429.79 212.63 42.9692
1138 311 1392.75 199.90 336 1433.26 169.80 51.3065
1139 632 65.33 171.12 15 0.62 168.44 64.9004
1140 481 317.00 163.53 470 298.26 235.37 74.2471
1141 324 1415.42 162.94 336 1433.26 169.80 19.1144
1142 399 1560.59 162.85 395 1551.33 195.27 34.0645
1143 203 1208.10 159.31 202 1203.99 181.66 22.7254
1144 125 1059.85 153.38 134 1078.09 188.05 39.1853
1145 98 1001.46 176.19 125 1059.85 153.38 63.0734
1146 446 245.60 152.82 481 317.00 163.53 72.4948
1147 439 230.88 229.13 446 245.60 152.82 77.7130
1148 486 319.90 152.15 483 318.78 250.99 116.0170
1149 481 317.00 163.53 486 319.90 152.15 11.7427
1150 432 213.03 149.25 446 245.60 152.82 33.4222
1151 432 213.03 149.25 421 199.64 225.11 77.2387
1152 358 1485.35 180.22 399 1560.59 162.85 107.4461
1153 806 891.07 148.82 807 891.07 179.84 31.0185
1154 302 1373.07 146.65 324 1415.42 162.94 45.3757
1155 311 1392.75 199.90 302 1373.07 146.65 62.4719
1156 761 823.56 144.26 806 891.07 148.82 68.1469
1157 761 823.56 144.26 752 811.70 223.63 80.7892
1158 156 1120.06 175.27 151 1107.29 144.26 33.5451
1159 404 163.50 218.86 407 177.78 143.90 76.3475
1160 407 177.78 143.90 432 213.03 149.25 36.9351
1161 168 1141.95 142.43 203 1208.10 159.31 68.3566
1162 151 1107.29 144.26 168 1141.95 142.43 34.7505
1163 685 735.98 141.52 761 823.56 144.26 87.7988
1164 676 717.73 222.71 685 735.98 141.52 83.2202
1165 685 735.98 141.52 641 673.31 137.43 62.9845
1166 397 1555.96 137.39 62 1559.97 146.80 10.2264
1167 283 1333.08 136.50 302 1373.07 146.65 41.2568
1168 282 1331.26 221.35 283 1333.08 136.50 85.3123
1169 624 645.65 134.30 641 673.31 137.43 27.8419
1170 624 645.65 134.30 603 602.78 133.31 42.8772
1171 602 600.04 207.20 603 602.78 133.31 73.9476
1172 168 1141.95 142.43 24 1140.59 129.20 13.2991
1173 125 1059.85 153.38 151 1107.29 144.26 79.0671
1174 257 1276.52 120.08 283 1333.08 136.50 58.8987
1175 253 1268.31 195.80 257 1276.52 120.08 77.4335
1176 314 1396.22 117.71 324 1415.42 162.94 52.7636
1177 302 1373.07 146.65 314 1396.22 117.71 38.0242
1178 603 602.78 133.31 520 407.14 116.68 196.3619
1179 98 1001.46 176.19 101 1013.78 112.78 64.7134
1180 520 407.14 116.68 487 330.16 111.99 77.1298
1181 487 330.16 111.99 486 319.90 152.15 41.4512
1182 211 1218.83 102.84 257 1276.52 120.08 60.2124
1183 211 1218.83 102.84 203 1208.10 159.31 57.4748
1184 451 253.86 99.94 487 330.16 111.99 77.4575
1185 446 245.60 152.82 451 253.86 99.94 53.5186
1186 307 1380.58 99.50 314 1396.22 117.71 24.0189
1187 307 1380.58 99.50 283 1333.08 136.50 60.9347
1188 686 736.01 99.27 685 735.98 141.52 42.2442
1189 258 1279.74 94.59 257 1276.52 120.08 25.6926
1190 644 677.77 93.70 686 736.01 99.27 58.5383
1191 641 673.31 137.43 644 677.77 93.70 44.2487
1192 211 1218.83 102.84 190 1189.38 93.03 31.0441
1193 451 253.86 99.94 413 183.58 92.58 70.7706
1194 413 183.58 92.58 407 177.78 143.90 51.6431
1195 397 1555.96 137.39 372 1499.24 89.93 84.1229
1196 863 99.91 82.99 413 183.58 92.58 84.2178
1197 632 65.33 171.12 863 99.91 82.99 94.6725
1198 283 1333.08 136.50 281 1330.16 81.65 55.5407
1199 281 1330.16 81.65 258 1279.74 94.59 53.3597
1200 380 1518.92 80.67 397 1555.96 137.39 67.9908
1201 372 1499.24 89.93 380 1518.92 80.67 21.7481
1202 190 1189.38 93.03 169 1144.08 78.52 47.5574
1203 380 1518.92 80.67 379 1515.45 72.57 8.8155
1204 863 99.91 82.99 12 0.40 67.37 100.7790
1205 169 1144.08 78.52 147 1095.88 65.34 49.9711
1206 101 1013.78 112.78 147 1095.88 65.34 107.2373
1207 379 1515.45 72.57 374 1505.03 64.46 13.1978
1208 374 1505.03 64.46 372 1499.24 89.93 31.3063
1209 304 1377.01 61.57 307 1380.58 99.50 38.7730
1210 281 1330.16 81.65 304 1377.01 61.57 56.1631
1211 190 1189.38 93.03 188 1186.25 57.33 36.2920
1212 627 648.77 57.11 624 645.65 134.30 77.3169
1213 644 677.77 93.70 640 672.87 56.21 37.8032
1214 640 672.87 56.21 627 648.77 57.11 24.1128
1215 640 672.87 56.21 650 688.93 54.43 16.1631
1216 608 612.63 52.20 627 648.77 57.11 36.4763
1217 603 602.78 133.31 608 612.63 52.20 81.7058
1218 147 1095.88 65.34 122 1055.28 52.20 42.6734
1219 687 736.45 51.97 686 736.01 99.27 47.7785
1220 650 688.93 54.43 687 736.45 51.97 47.5867
1221 230 1243.59 51.75 211 1218.83 102.84 58.9751
1222 279 1327.48 51.30 281 1330.16 81.65 30.4614
1223 393 1550.17 50.57 49 1559.08 64.25 16.3140
1224 379 1515.45 72.57 393 1550.17 50.57 42.4414
1225 734 791.79 46.17 687 736.45 51.97 55.6355
1226 608 612.63 52.20 591 563.32 44.83 49.8549
1227 336 1433.26 169.80 318 1400.85 42.47 133.0759
1228 304 1377.01 61.57 318 1400.85 42.47 31.4886
1229 761 823.56 144.26 767 830.16 42.16 108.0760
1230 734 791.79 46.17 767 830.16 42.16 38.5852
1231 103 1015.79 39.93 122 1055.28 52.20 41.3538
1232 103 1015.79 39.93 101 1013.78 112.78 73.1858
1233 591 563.32 44.83 542 438.82 39.03 124.6328
1234 767 830.16 42.16 779 855.60 38.59 25.6843
1235 526 416.51 38.14 542 438.82 39.03 22.3293
1236 520 407.14 116.68 526 416.51 38.14 79.0933
1237 779 855.60 38.59 795 875.68 36.36 20.2039
1238 506 380.14 35.69 526 416.51 38.14 36.4503
1239 808 891.30 34.57 806 891.07 148.82 114.3266
1240 795 875.68 36.36 808 891.30 34.57 15.7196
1241 493 346.23 34.35 506 380.14 35.69 33.9398
1242 487 330.16 111.99 493 346.23 34.35 79.3423
1243 318 1400.85 42.47 333 1428.63 32.05 29.6699
1244 821 912.71 31.45 808 891.30 34.57 21.6455
1245 855 981.43 28.32 103 1015.79 39.93 36.2655
1246 855 981.43 28.32 841 957.67 214.50 187.7531
1247 855 981.43 28.32 821 912.71 31.45 68.9119
1248 493 346.23 34.35 455 269.92 25.42 76.8461
1249 455 269.92 25.42 451 253.86 99.94 76.2320
1250 188 1186.25 57.33 25 1177.55 23.19 35.2280
1251 333 1428.63 32.05 341 1457.57 22.79 30.3838
1252 230 1243.59 51.75 216 1223.51 22.30 38.3458
1253 188 1186.25 57.33 216 1223.51 22.30 65.9792
1254 290 1355.60 22.30 279 1327.48 51.30 40.3929
1255 238 1252.52 16.95 230 1243.59 51.75 35.9318
1256 216 1223.51 22.30 238 1252.52 16.95 29.9442
1257 728 786.88 14.49 734 791.79 46.17 32.0602
1258 385 1534.09 12.04 48 1559.08 17.84 25.6974
1259 393 1550.17 50.57 385 1534.09 12.04 41.7665
1260 591 563.32 44.83 582 559.30 11.81 33.2642
1261 258 1279.74 94.59 244 1258.76 11.14 87.7348
1262 244 1258.76 11.14 238 1252.52 16.95 8.5252
1263 318 1400.85 42.47 300 1371.21 11.14 43.7509
1264 300 1371.21 11.14 290 1355.60 22.30 19.1930
1265 204 121.10 10.47 455 269.92 25.42 149.5661
1266 863 99.91 82.99 204 121.10 10.47 76.1105
1267 375 1506.19 10.06 374 1505.03 64.46 55.4817
1268 341 1457.57 22.79 375 1506.19 10.06 50.2560
1269 767 830.16 42.16 757 818.56 9.58 34.5791
1257 757 818.56 9.58 728 786.88 14.49 32.0602
1271 300 1371.21 11.14 303 1375.68 5.79 6.9703
1272 385 1534.09 12.04 381 1519.36 5.34 16.5176
1273 381 1519.36 5.34 375 1506.19 10.06 13.9930
1274 204 121.10 10.47 569 5.75 2.67 115.8534
1275 728 786.88 14.49 89 785.09 1.10 13.5053
1276 821 912.71 31.45 816 908.25 1.10 30.6706
1277 795 875.68 36.36 816 908.25 1.10 65.3172
1278 650 688.93 54.43 84 664.39 0.88 59.4046
1279 122 1055.28 52.20 121 1050.38 0.88 51.9270
1280 121 1050.38 0.88 855 981.43 28.32 75.1357
1281 169 1144.08 78.52 22 1132.93 0.88 79.9626
1282 333 1428.63 32.05 37 1404.23 0.88 39.5995
1283 582 559.30 11.81 78 507.09 0.66 53.4307
1284 582 559.30 11.81 80 557.52 0.66 11.2976
1285 687 736.45 51.97 86 727.53 0.66 52.0865
1286 855 981.43 28.32 95 983.66 0.66 27.9692
1287 493 346.23 34.35 74 318.56 0.43 45.2139
1288 506 380.14 35.69 75 384.16 0.43 35.4801
1289 244 1258.76 11.14 30 1261.89 0.43 11.1557
1290 279 1327.48 51.30 31 1290.45 0.43 68.1241
1291 290 1355.60 22.30 33 1332.84 0.43 31.5595
1292 341 1457.57 22.79 39 1434.13 0.43 32.4333
1293 375 1506.19 10.06 40 1503.30 0.43 10.0505
1294 542 438.82 39.03 77 449.08 0.21 40.5113
1295 779 855.60 38.59 93 849.80 0.21 38.8224
1296 608 612.63 52.20 82 630.03 -0.01 56.2810
1297 522 409.50 1553.70 76 407.36 1559.48 6.1624
1298 271 1312.56 1551.95 32 1312.46 1561.11 9.1698
1299 396 1553.40 1259.09 61 1559.89 1262.96 7.5526
1300 395 1551.33 195.27 63 1560.24 197.70 9.2366
1301 381 1519.36 5.34 41 1522.38 0.35 5.8341
1302 303 1375.68 5.79 35 1367.73 0.35 9.6321
1303 303 1375.68 5.79 36 1383.43 0.75 9.2475
1304 757 818.56 9.58 91 816.36 1.16 8.7079
1305 569 5.75 2.67 3 -1.23 1.16 7.1456
1306 569 5.75 2.67 0 -0.42 10.82 10.2338
1307 658 7.79 898.39 13 0.54 897.84 7.2725
