1 397 808.67 1547.20 64 823.99 1560.99 20.6138
2 397 808.67 1547.20 62 797.79 1561.18 17.7177
3 240 1528.81 1562.52 36 1565.58 1545.67 40.4514
4 458 961.89 1544.14 70 983.34 1560.99 27.2803
5 458 961.89 1544.14 68 945.03 1559.46 22.7779
6 165 1283.65 1539.54 22 1277.52 1559.46 20.8403
7 292 400.37 1537.94 51 444.54 1560.63 49.6537
8 47 261.01 1559.77 269 276.33 1536.28 28.0389
9 375 735.76 1534.71 60 720.63 1560.43 29.8390
10 221 1462.92 1528.81 30 1464.45 1560.99 32.2129
11 221 1462.92 1528.81 27 1407.76 1559.46 63.4705
12 341 604.89 1522.60 56 666.92 1560.43 72.6505
13 341 604.89 1522.60 55 577.66 1560.43 46.6060
14 71 0.31 1521.43 26 14.11 1559.77 40.7481
15 110 1128.99 1519.10 16 1107.45 1560.99 47.1054
16 321 525.72 1518.84 53 499.46 1559.43 48.3449
17 380 754.67 1513.53 397 808.67 1547.20 63.6393
18 375 735.76 1534.71 380 754.67 1513.53 28.3945
19 441 927.97 1506.35 458 961.89 1544.14 50.7782
20 388 78.52 1503.03 69 95.39 1561.30 62.1054
21 71 0.31 1521.43 388 78.52 1503.03 80.3480
22 255 219.61 1490.76 269 276.33 1536.28 86.9397
23 325 550.79 1487.81 341 604.89 1522.60 64.3246
24 321 525.72 1518.84 325 550.79 1487.81 39.8982
25 97 1079.96 1485.76 110 1128.99 1519.10 59.2926
26 97 1079.96 1485.76 13 1006.32 1559.46 104.1832
27 388 78.52 1503.03 255 219.61 1490.76 145.2767
28 120 1159.39 1472.03 165 1283.65 1539.54 141.9063
29 110 1128.99 1519.10 120 1159.39 1472.03 56.0325
30 350 640.44 1469.65 375 735.76 1534.71 115.3973
31 350 640.44 1469.65 341 604.89 1522.60 63.7798
32 303 452.90 1467.51 321 525.72 1518.84 89.0954
33 303 452.90 1467.51 292 400.37 1537.94 87.8928
34 292 400.37 1537.94 276 316.62 1467.06 115.1491
35 276 316.62 1467.06 269 276.33 1536.28 80.0931
36 380 754.67 1513.53 389 782.83 1464.19 56.8143
37 88 1060.35 1457.32 97 1079.96 1485.76 34.5450
38 233 1505.82 1453.74 31 1564.05 1470.59 60.6142
39 233 1505.82 1453.74 240 1528.81 1562.52 111.4999
40 441 927.97 1506.35 417 867.17 1450.46 82.5873
41 417 867.17 1450.46 397 808.67 1547.20 113.3838
42 325 550.79 1487.81 316 500.65 1444.83 66.0372
43 316 500.65 1444.83 303 452.90 1467.51 52.8648
44 264 259.46 1432.91 276 316.62 1467.06 66.5799
45 255 219.61 1490.76 264 259.46 1432.91 70.2437
46 214 1438.41 1432.29 233 1505.82 1453.74 70.7476
47 214 1438.41 1432.29 221 1462.92 1528.81 99.5936
48 335 591.38 1431.70 350 640.44 1469.65 62.0307
49 335 591.38 1431.70 325 550.79 1487.81 69.2502
50 82 1032.89 1429.86 88 1060.35 1457.32 38.8303
51 82 1032.89 1429.86 441 927.97 1506.35 129.8453
52 417 867.17 1450.46 428 890.70 1428.88 31.9265
53 120 1159.39 1472.03 102 1103.50 1415.15 79.7439
54 102 1103.50 1415.15 88 1060.35 1457.32 60.3296
55 402 820.10 1414.17 417 867.17 1450.46 59.4304
56 389 782.83 1464.19 402 820.10 1414.17 62.3674
57 316 500.65 1444.83 335 591.38 1431.70 103.2204
58 388 78.52 1503.03 347 63.18 1400.28 103.8874
59 347 63.18 1400.28 12 1.84 1414.08 62.8764
60 364 687.72 1396.52 389 782.83 1464.19 116.7301
61 350 640.44 1469.65 364 687.72 1396.52 87.0770
62 139 1217.77 1395.51 120 1159.39 1472.03 96.2442
63 303 452.90 1467.51 284 361.97 1394.05 116.9845
64 276 316.62 1467.06 284 361.97 1394.05 85.9458
65 78 1019.16 1381.81 82 1032.89 1429.86 49.9728
66 428 890.70 1428.88 78 1019.16 1381.81 136.8123
67 428 890.70 1428.88 422 878.94 1371.03 59.0408
68 201 1407.76 1367.93 214 1438.41 1432.29 71.2765
69 165 1283.65 1539.54 201 1407.76 1367.93 221.9269
70 316 500.65 1444.83 288 386.97 1361.90 140.7111
71 284 361.97 1394.05 288 386.97 1361.90 40.7307
72 102 1103.50 1415.15 92 1074.08 1361.22 61.4353
73 92 1074.08 1361.22 78 1019.16 1381.81 58.6485
74 132 1180.96 1355.34 139 1217.77 1395.51 54.4839
75 102 1103.50 1415.15 132 1180.96 1355.34 97.8749
76 422 878.94 1371.03 416 865.21 1352.40 23.1434
77 402 820.10 1414.17 383 764.48 1340.97 91.9364
78 383 764.48 1340.97 364 687.72 1396.52 95.5778
79 264 259.46 1432.91 258 230.98 1340.47 99.5260
80 439 919.14 1337.69 422 878.94 1371.03 97.4182
81 416 865.21 1352.40 439 919.14 1337.69 55.9036
82 268 273.85 1336.30 284 361.97 1394.05 107.8386
83 258 230.98 1340.47 268 273.85 1336.30 43.0700
84 364 687.72 1396.52 355 659.43 1336.19 66.8377
85 355 659.43 1336.19 335 591.38 1431.70 117.4973
86 132 1180.96 1355.34 124 1172.14 1334.74 22.4044
87 124 1172.14 1334.74 92 1074.08 1361.22 101.5729
88 132 1180.96 1355.34 149 1236.72 1326.55 62.7632
89 246 1550.26 1318.90 43 1567.11 1320.43 16.9238
90 246 1550.26 1318.90 35 1565.58 1355.67 39.8373
91 201 1407.76 1367.93 246 1550.26 1318.90 151.0016
92 352 646.41 1314.22 355 659.43 1336.19 25.5407
93 398 810.29 1312.19 383 764.48 1340.97 54.1011
94 347 63.18 1400.28 306 46.31 1308.26 93.5480
95 306 46.31 1308.26 7 0.31 1319.00 47.2430
96 446 935.81 1305.33 439 919.14 1337.69 36.4019
97 258 230.98 1340.47 257 225.63 1304.15 36.7118
98 416 865.21 1352.40 404 824.02 1303.36 64.0333
99 404 824.02 1303.36 398 810.29 1312.19 16.3207
100 268 273.85 1336.30 267 269.68 1299.98 36.5570
101 267 269.68 1299.98 257 225.63 1304.15 44.2553
102 78 1019.16 1381.81 74 1007.40 1295.52 87.0926
103 149 1236.72 1326.55 163 1279.07 1289.86 56.2135
104 352 646.41 1314.22 58 683.30 1282.47 48.6754
105 257 225.63 1304.15 254 219.61 1277.59 27.2309
106 306 46.31 1308.26 254 219.61 1277.59 175.9870
107 463 983.86 1267.08 74 1007.40 1295.52 36.9134
108 463 983.86 1267.08 446 935.81 1305.33 61.4118
109 275 313.74 1266.64 288 386.97 1361.90 136.4130
110 267 269.68 1299.98 275 313.74 1266.64 55.2524
111 404 824.02 1303.36 420 877.46 1266.59 64.8726
112 430 897.08 1259.73 446 935.81 1305.33 61.0562
113 430 897.08 1259.73 420 877.46 1266.59 20.7789
114 301 445.14 1258.00 288 386.97 1361.90 120.0807
115 201 1407.76 1367.93 181 1336.10 1254.19 134.4336
116 163 1279.07 1289.86 181 1336.10 1254.19 67.4420
117 125 1174.10 1253.35 149 1236.72 1326.55 97.9171
118 125 1174.10 1253.35 18 1150.57 1275.91 32.5970
119 398 810.29 1312.19 382 764.20 1249.43 77.9240
120 94 1078.00 1247.47 124 1172.14 1334.74 128.6082
121 92 1074.08 1361.22 94 1078.00 1247.47 113.8188
122 74 1007.40 1295.52 94 1078.00 1247.47 85.4035
123 125 1174.10 1253.35 19 1201.56 1239.63 30.6982
124 121 1165.27 1236.68 125 1174.10 1253.35 18.8625
125 301 445.14 1258.00 304 455.97 1228.40 31.5182
126 181 1336.10 1254.19 199 1402.24 1227.76 71.2753
127 155 1257.94 1222.46 163 1279.07 1289.86 73.5275
128 285 367.55 1222.19 301 445.14 1258.00 85.4624
129 285 367.55 1222.19 275 313.74 1266.64 69.7910
130 119 1159.39 1220.01 121 1165.27 1236.68 17.6782
131 94 1078.00 1247.47 119 1159.39 1220.01 86.5224
132 121 1165.27 1236.68 155 1257.94 1222.46 95.9632
133 453 956.89 1217.56 430 897.08 1259.73 73.1855
134 328 562.73 1215.62 352 646.41 1314.22 129.6013
135 304 455.97 1228.40 328 562.73 1215.62 114.7034
136 382 764.20 1249.43 373 731.35 1215.60 47.1562
137 409 841.18 1212.66 420 877.46 1266.59 65.4875
138 119 1159.39 1220.01 118 1157.92 1207.76 12.3456
139 391 784.78 1207.23 409 841.18 1212.66 61.7455
140 382 764.20 1249.43 391 784.78 1207.23 49.3605
141 306 46.31 1308.26 260 24.84 1205.51 104.9684
142 260 24.84 1205.51 0 -0.03 1210.66 25.4027
143 279 344.86 1205.47 285 367.55 1222.19 28.1745
144 94 1078.00 1247.47 84 1044.66 1205.30 53.7551
145 84 1044.66 1205.30 463 983.86 1267.08 86.6998
146 418 871.58 1203.83 409 841.18 1212.66 31.6542
147 157 1261.86 1201.87 155 1257.94 1222.46 20.9631
148 199 1402.24 1227.76 231 1501.72 1198.57 103.8123
149 172 1305.01 1196.97 181 1336.10 1254.19 65.1222
150 381 755.87 1195.01 391 784.78 1207.23 31.3903
151 373 731.35 1215.60 381 755.87 1195.01 32.0167
152 244 1548.53 1188.33 40 1565.96 1190.48 17.5556
153 231 1501.72 1198.57 244 1548.53 1188.33 47.9204
154 448 938.26 1186.18 453 956.89 1217.56 36.4941
155 304 455.97 1228.40 311 472.00 1184.58 46.6591
156 170 1298.15 1183.24 172 1305.01 1196.97 15.3489
157 170 1298.15 1183.24 157 1261.86 1201.87 40.7869
158 118 1157.92 1207.76 135 1192.24 1181.28 44.1770
159 448 938.26 1186.18 418 871.58 1203.83 76.8698
160 340 598.54 1176.23 383 764.48 1340.97 234.8829
161 340 598.54 1176.23 328 562.73 1215.62 53.2409
162 79 1021.12 1172.94 84 1044.66 1205.30 40.0133
163 453 956.89 1217.56 79 1021.12 1172.94 78.2067
164 168 1292.26 1170.49 170 1298.15 1183.24 14.0404
165 254 219.61 1277.59 253 199.67 1170.24 109.1855
166 275 313.74 1266.64 262 242.61 1164.11 125.9389
167 253 199.67 1170.24 262 242.61 1164.11 43.3760
168 381 755.87 1195.01 377 739.99 1163.54 35.2429
169 168 1292.26 1170.49 23 1313.84 1161.67 23.3090
170 340 598.54 1176.23 346 624.47 1160.69 30.2238
171 135 1192.24 1181.28 143 1224.60 1160.69 38.3570
172 194 1394.25 1160.69 199 1402.24 1227.76 67.5454
173 334 588.99 1158.32 340 598.54 1176.23 20.2945
174 334 588.99 1158.32 311 472.00 1184.58 152.0656
175 172 1305.01 1196.97 194 1394.25 1160.69 99.0420
176 228 1492.80 1157.25 231 1501.72 1198.57 42.2701
177 266 267.15 1150.30 279 344.86 1205.47 96.0580
178 262 242.61 1164.11 266 267.15 1150.30 28.1526
179 465 987.29 1144.02 79 1021.12 1172.94 44.5127
180 465 987.29 1144.02 448 938.26 1186.18 66.5038
181 409 841.18 1212.66 396 806.86 1143.03 79.2321
182 396 806.86 1143.03 377 739.99 1163.54 69.9697
183 354 658.79 1141.07 373 731.35 1215.60 104.0190
184 346 624.47 1160.69 354 658.79 1141.07 39.5298
185 159 1271.67 1138.13 168 1292.26 1170.49 38.3568
186 314 492.30 1135.64 311 472.00 1184.58 52.9860
187 152 1248.14 1135.19 159 1271.67 1138.13 23.7179
188 152 1248.14 1135.19 157 1261.86 1201.87 68.5127
189 143 1224.60 1160.69 152 1248.14 1135.19 36.8633
190 223 1482.01 1133.72 228 1492.80 1157.25 25.8889
191 194 1394.25 1160.69 223 1482.01 1133.72 92.3117
192 279 344.86 1205.47 287 376.50 1133.25 78.8489
193 135 1192.24 1181.28 117 1153.02 1131.27 63.5585
194 242 1544.77 1128.82 244 1548.53 1188.33 59.6358
195 228 1492.80 1157.25 242 1544.77 1128.82 59.2440
196 101 1092.71 1123.91 118 1157.92 1207.76 106.8129
197 101 1092.71 1123.91 79 1021.12 1172.94 86.7663
198 159 1271.67 1138.13 175 1310.90 1116.56 44.7658
199 260 24.84 1205.51 265 26.38 1113.50 97.4591
200 128 1179.49 1110.67 143 1224.60 1160.69 67.3489
201 117 1153.02 1131.27 128 1179.49 1110.67 33.5421
202 401 813.72 1109.69 418 871.58 1203.83 115.6279
203 396 806.86 1143.03 401 813.72 1109.69 34.0401
204 465 987.29 1144.02 77 1017.69 1105.77 48.8538
205 242 1544.77 1128.82 243 1547.71 1105.28 23.7179
206 243 1547.71 1105.28 34 1565.36 1103.32 17.7597
207 194 1394.25 1160.69 195 1395.23 1101.85 60.1434
208 175 1310.90 1116.56 195 1395.23 1101.85 85.7904
209 273 299.35 1093.56 287 376.50 1133.25 86.7547
210 266 267.15 1150.30 273 299.35 1093.56 65.2443
211 295 414.70 1091.47 314 492.30 1135.64 89.2872
212 287 376.50 1133.25 295 414.70 1091.47 73.6396
213 195 1395.23 1101.85 205 1413.37 1090.57 21.3607
214 377 739.99 1163.54 369 702.91 1090.08 82.2877
215 354 658.79 1141.07 369 702.91 1090.08 67.4346
216 443 931.40 1086.16 465 987.29 1144.02 80.4462
217 117 1153.02 1131.27 107 1121.15 1085.67 56.4598
218 107 1121.15 1085.67 101 1092.71 1123.91 47.6582
219 295 414.70 1091.47 291 400.37 1081.92 17.2171
220 253 199.67 1170.24 249 175.13 1079.76 93.7489
221 265 26.38 1113.50 249 175.13 1079.76 152.5345
222 334 588.99 1158.32 324 548.96 1079.29 88.5871
223 319 515.72 1078.48 314 492.30 1135.64 61.7682
224 169 1295.21 1076.35 175 1310.90 1116.56 43.1582
225 223 1482.01 1133.72 217 1454.56 1071.94 67.6055
226 217 1454.56 1071.94 205 1413.37 1090.57 45.2041
227 128 1179.49 1110.67 114 1142.72 1067.04 57.0655
228 107 1121.15 1085.67 114 1142.72 1067.04 28.5054
229 365 688.21 1066.55 369 702.91 1090.08 27.7532
230 346 624.47 1160.69 365 688.21 1066.55 124.0054
231 220 1462.40 1065.08 217 1454.56 1071.94 10.4240
232 98 1084.86 1054.29 107 1121.15 1085.67 48.9289
233 77 1017.69 1105.77 98 1084.86 1054.29 84.6316
234 291 400.37 1081.92 281 346.65 1052.07 61.4541
235 443 931.40 1086.16 435 911.79 1051.84 39.5298
236 324 548.96 1079.29 322 528.37 1050.86 35.1109
237 319 515.72 1078.48 322 528.37 1050.86 30.3824
238 435 911.79 1051.84 421 878.44 1050.86 34.5784
239 421 878.44 1050.86 443 931.40 1086.16 138.9907
240 265 26.38 1113.50 11 1.84 1050.62 67.4946
241 332 582.30 1049.88 324 548.96 1079.29 45.1672
242 152 1248.14 1135.19 126 1175.08 1048.41 113.4401
243 126 1175.08 1048.41 114 1142.72 1067.04 37.3407
244 421 878.44 1050.86 415 863.74 1044.97 15.8424
245 415 863.74 1044.97 401 813.72 1109.69 82.0101
246 243 1547.71 1105.28 236 1521.24 1037.62 73.3038
247 236 1521.24 1037.62 220 1462.40 1065.08 64.9281
248 415 863.74 1044.97 411 844.12 1037.13 21.1231
249 411 844.12 1037.13 63 812.74 1068.51 44.3775
250 114 1142.72 1067.04 108 1122.13 1031.73 41.0655
251 98 1084.86 1054.29 108 1122.13 1031.73 46.8137
252 401 813.72 1109.69 384 768.62 1031.24 91.7943
253 369 702.91 1090.08 384 768.62 1031.24 88.1953
254 205 1413.37 1090.57 191 1377.08 1031.04 69.7212
255 191 1377.08 1031.04 169 1295.21 1076.35 93.5744
256 323 541.11 1027.32 332 582.30 1049.88 46.9682
257 322 528.37 1050.86 323 541.11 1027.32 26.7656
258 299 429.17 1024.76 319 515.72 1078.48 101.8664
259 291 400.37 1081.92 299 429.17 1024.76 63.9991
260 77 1017.69 1105.77 456 959.84 1022.42 101.7901
261 456 959.84 1022.42 435 911.79 1051.84 56.3405
262 281 346.65 1052.07 270 285.55 1019.95 69.0306
263 273 299.35 1093.56 270 285.55 1019.95 74.8943
264 126 1175.08 1048.41 144 1225.58 1014.57 60.7862
265 112 1134.57 1005.98 126 1175.08 1048.41 58.6767
266 108 1122.13 1031.73 112 1134.57 1005.98 28.6041
267 154 1255.98 1011.63 169 1295.21 1076.35 75.6789
268 144 1225.58 1014.57 154 1255.98 1011.63 30.5411
269 365 688.21 1066.55 345 623.49 1007.71 90.0674
270 345 623.49 1007.71 332 582.30 1049.88 58.9429
271 212 1435.00 1004.97 220 1462.40 1065.08 66.0616
272 191 1377.08 1031.04 212 1435.00 1004.97 63.5182
273 423 879.43 1001.83 435 911.79 1051.84 60.6227
274 415 863.74 1044.97 423 879.43 1001.83 45.9997
275 299 429.17 1024.76 286 371.47 1000.85 62.4675
276 286 371.47 1000.85 281 346.65 1052.07 56.9199
277 411 844.12 1037.13 390 784.31 999.87 70.4746
278 384 768.62 1031.24 390 784.31 999.87 35.0835
279 72 1000.53 996.43 98 1084.86 1054.29 104.2921
280 456 959.84 1022.42 72 1000.53 996.43 48.2847
281 112 1134.57 1005.98 109 1124.09 991.53 17.8470
282 238 1522.71 987.12 236 1521.24 1037.62 50.5231
283 208 1424.14 979.70 212 1435.00 1004.97 27.5003
284 249 175.13 1079.76 247 164.40 978.54 101.7834
285 390 784.31 999.87 385 768.62 978.29 26.6756
286 385 768.62 978.29 365 688.21 1066.55 120.9106
287 308 461.68 976.33 323 541.11 1027.32 94.3893
288 308 461.68 976.33 299 429.17 1024.76 58.3326
289 432 904.92 974.37 423 879.43 1001.83 37.4692
290 270 285.55 1019.95 247 164.40 978.54 137.6243
291 330 571.51 973.39 345 623.49 1007.71 62.2825
292 323 541.11 1027.32 330 571.51 973.39 61.9108
293 208 1424.14 979.70 213 1438.38 968.49 18.1212
294 72 1000.53 996.43 455 957.87 967.50 52.9852
295 87 1049.56 960.15 108 1122.13 1031.73 102.2761
296 87 1049.56 960.15 72 1000.53 996.43 60.9954
297 357 669.57 957.70 59 706.84 986.14 56.3771
298 345 623.49 1007.71 357 669.57 957.70 68.0370
299 286 371.47 1000.85 290 391.08 951.82 52.8077
300 425 882.37 951.82 432 904.92 974.37 31.8964
301 447 937.28 950.83 455 957.87 967.50 26.4947
302 432 904.92 974.37 447 937.28 950.83 40.0133
303 213 1438.38 968.49 238 1522.71 987.12 106.3364
304 410 842.16 947.89 423 879.43 1001.83 79.1498
305 185 1357.96 947.89 208 1424.14 979.70 80.5578
306 154 1255.98 1011.63 185 1357.96 947.89 120.6863
307 357 669.57 957.70 363 686.49 942.66 22.6391
308 312 476.13 941.23 308 461.68 976.33 37.9586
309 239 1527.61 938.09 39 1565.94 948.91 40.0817
310 239 1527.61 938.09 238 1522.71 987.12 50.7390
311 410 842.16 947.89 425 882.37 951.82 48.9320
312 312 476.13 941.23 307 460.70 933.18 17.4008
313 290 391.08 951.82 307 460.70 933.18 72.0734
314 95 1078.00 931.71 109 1124.09 991.53 75.5136
315 95 1078.00 931.71 87 1049.56 960.15 40.2171
316 400 812.74 923.38 410 842.16 947.89 38.6602
317 385 768.62 978.29 400 812.74 923.38 71.8667
318 183 1337.37 921.42 185 1357.96 947.89 33.5421
319 183 1337.37 921.42 174 1306.97 937.11 34.2092
320 371 713.70 918.47 385 768.62 978.29 81.2017
321 363 686.49 942.66 371 713.70 918.47 36.4017
322 204 1412.73 918.37 213 1438.38 968.49 56.2911
323 204 1412.73 918.37 185 1357.96 947.89 62.2147
324 290 391.08 951.82 278 339.11 908.67 68.0955
325 270 285.55 1019.95 278 339.11 908.67 123.9779
326 447 937.28 950.83 445 932.38 908.67 42.4505
327 425 882.37 951.82 445 932.38 908.67 66.0514
328 85 1046.13 901.80 95 1078.00 931.71 43.7061
329 455 957.87 967.50 85 1046.13 901.80 110.2590
330 153 1255.00 894.94 174 1306.97 937.11 70.2896
331 109 1124.09 991.53 153 1255.00 894.94 162.6953
332 239 1527.61 938.09 33 1565.35 892.48 59.8470
333 371 713.70 918.47 366 689.19 889.06 38.2942
334 366 689.19 889.06 363 686.49 942.66 79.2241
335 247 164.40 978.54 226 149.06 886.53 93.2836
336 226 149.06 886.53 10 1.05 916.58 151.0311
337 400 812.74 923.38 413 850.99 885.13 54.0851
338 202 1409.94 882.19 204 1412.73 918.37 46.7686
339 202 1409.94 882.19 183 1337.37 921.42 82.8241
340 127 1178.51 873.37 95 1078.00 931.71 117.0273
341 300 445.01 861.60 307 460.70 933.18 73.2840
342 140 1218.72 857.68 127 1178.51 873.37 43.1581
343 146 1230.49 855.71 153 1255.00 894.94 46.2554
344 146 1230.49 855.71 140 1218.72 857.68 11.9298
345 76 1012.79 853.75 85 1046.13 901.80 58.4844
346 445 932.38 908.67 76 1012.79 853.75 97.3725
347 427 889.48 852.45 445 932.38 908.67 70.7150
348 413 850.99 885.13 427 889.48 852.45 50.4924
349 312 476.13 941.23 318 512.19 846.85 106.9303
350 318 512.19 846.85 300 445.01 861.60 68.7763
351 226 149.06 886.53 207 142.67 846.58 40.4557
352 427 889.48 852.45 431 902.96 841.01 17.6867
353 232 1502.11 834.14 239 1527.61 938.09 108.3145
354 202 1409.94 882.19 232 1502.11 834.14 103.9496
355 431 902.96 841.01 438 917.67 831.20 17.6782
356 300 445.01 861.60 296 416.40 828.90 43.4489
357 142 1221.66 824.34 140 1218.72 857.68 43.4111
358 366 689.19 889.06 343 618.58 820.41 100.8836
359 330 571.51 973.39 343 618.58 820.41 160.3609
360 343 618.58 820.41 318 512.19 846.85 110.6096
361 173 1306.97 818.45 146 1230.49 855.71 85.0819
362 460 963.76 816.49 76 1012.79 853.75 65.6782
363 438 917.67 831.20 460 963.76 816.49 48.3792
364 296 416.40 828.90 293 403.83 814.53 19.0954
365 278 339.11 908.67 293 403.83 814.53 114.2404
366 76 1012.79 853.75 103 1104.97 814.53 100.3519
367 206 1418.76 813.55 29 1428.57 837.08 25.4960
368 153 1255.00 894.94 206 1418.76 813.55 183.0735
369 127 1178.51 873.37 103 1104.97 814.53 114.7582
370 318 512.19 846.85 315 496.01 806.68 50.3287
371 460 963.76 816.49 73 1002.00 804.72 40.0133
372 173 1306.97 818.45 182 1336.39 802.76 34.7938
373 336 593.09 793.94 343 618.58 820.41 36.7567
374 167 1288.34 786.09 173 1306.97 818.45 37.3407
375 142 1221.66 824.34 167 1288.34 786.09 77.0023
376 232 1502.11 834.14 227 1490.35 785.11 50.5407
377 206 1418.76 813.55 227 1490.35 785.11 77.0266
378 315 496.01 806.68 309 463.65 779.23 42.4391
379 309 463.65 779.23 296 416.40 828.90 68.5514
380 343 618.58 820.41 351 646.04 772.36 56.5144
381 351 646.04 772.36 336 593.09 793.94 57.1791
382 370 712.72 768.44 400 812.74 923.38 184.7448
383 196 1395.23 766.48 206 1418.76 813.55 52.6252
384 182 1336.39 802.76 196 1395.23 766.48 69.1246
385 100 1087.32 765.50 103 1104.97 814.53 52.1438
386 73 1002.00 804.72 100 1087.32 765.50 93.8985
387 241 1535.46 760.60 38 1565.94 813.36 60.9444
388 227 1490.35 785.11 241 1535.46 760.60 51.3396
389 207 142.67 846.58 158 127.94 754.56 93.1932
390 207 142.67 846.58 158 127.94 754.56 175.9837
391 336 593.09 793.94 327 550.92 747.85 62.4674
392 327 550.92 747.85 315 496.01 806.68 80.4820
393 241 1535.46 760.60 32 1565.35 746.45 33.0748
394 353 658.30 745.40 370 712.72 768.44 59.1018
395 351 646.04 772.36 353 658.30 745.40 29.6220
396 167 1288.34 786.09 156 1257.94 739.02 56.0324
397 116 1152.04 730.20 142 1221.66 824.34 117.1229
398 116 1152.04 730.20 100 1087.32 765.50 73.7251
399 444 931.40 727.25 460 963.76 816.49 94.9222
400 379 749.00 723.33 413 850.99 885.13 191.8586
401 370 712.72 768.44 379 749.00 723.33 57.8894
402 327 550.92 747.85 320 516.60 717.45 45.8483
403 320 516.60 717.45 309 463.65 779.23 81.3673
404 196 1395.23 766.48 189 1367.77 714.51 58.7796
405 73 1002.00 804.72 466 989.25 713.53 92.0838
406 466 989.25 713.53 444 931.40 727.25 59.8603
407 148 1236.19 710.22 156 1257.94 739.02 36.0941
408 148 1236.19 710.22 20 1212.83 740.00 37.8517
409 158 127.94 754.56 137 120.43 707.66 47.4954
410 137 120.43 707.66 9 1.05 739.90 124.0840
411 182 1336.39 802.76 171 1302.07 705.68 107.8564
412 156 1257.94 739.02 171 1302.07 705.68 55.3069
413 241 1535.46 760.60 229 1494.27 701.76 71.8195
414 196 1395.23 766.48 229 1494.27 701.76 118.3134
415 100 1087.32 765.50 93 1074.57 697.84 68.9981
416 93 1074.57 697.84 466 989.25 713.53 86.7899
417 393 791.17 692.93 431 902.96 841.01 187.3409
418 379 749.00 723.33 393 791.17 692.93 52.4642
419 444 931.40 727.25 433 909.82 685.09 47.3648
420 189 1367.77 714.51 203 1411.90 682.15 54.7214
421 379 749.00 723.33 360 677.91 679.69 87.0891
422 353 658.30 745.40 360 677.91 679.69 68.5659
423 393 791.17 692.93 394 791.66 678.71 14.2273
424 237 1521.73 678.22 229 1494.27 701.76 36.1632
425 141 1219.70 675.28 148 1236.19 710.22 39.9279
426 141 1219.70 675.28 116 1152.04 730.20 87.4987
427 433 909.82 685.09 442 929.44 674.30 22.3829
428 450 943.17 671.36 442 929.44 674.30 14.0402
429 462 981.41 671.36 466 989.25 713.53 42.8899
430 450 943.17 671.36 462 981.41 671.36 38.2440
431 93 1074.57 697.84 96 1079.47 659.59 42.9207
432 137 120.43 707.66 248 167.50 649.79 74.6012
433 229 1494.27 701.76 219 1461.91 649.79 61.2235
434 203 1411.90 682.15 219 1461.91 649.79 59.5678
435 408 840.69 649.30 438 917.67 831.20 198.0790
436 408 840.69 649.30 394 791.66 678.71 57.1791
437 237 1521.73 678.22 42 1566.64 647.52 54.4027
438 96 1079.47 659.59 91 1072.61 641.94 18.9387
439 91 1072.61 641.94 14 1041.23 653.71 33.5135
440 360 677.91 679.69 348 631.58 641.79 59.8625
441 171 1302.07 705.68 161 1276.57 639.00 72.5375
442 161 1276.57 639.00 141 1219.70 675.28 67.4630
443 367 698.01 627.32 360 677.91 679.69 56.1030
444 424 882.37 627.23 433 909.82 685.09 64.0409
445 424 882.37 627.23 408 840.69 649.30 47.1562
446 131 1180.47 625.27 141 1219.70 675.28 63.9449
447 93 1074.57 697.84 131 1180.47 625.27 129.6426
448 91 1072.61 641.94 90 1067.70 623.31 19.2660
449 256 22.86 621.84 137 120.43 707.66 129.9463
450 256 22.86 621.84 8 0.31 648.32 34.7807
451 203 1411.90 682.15 200 1403.07 620.37 62.4059
452 177 1316.78 618.41 189 1367.77 714.51 109.0813
453 177 1316.78 618.41 161 1276.57 639.00 45.1722
454 293 403.83 814.53 250 191.03 614.48 292.8069
455 248 167.50 649.79 250 191.03 614.48 42.4279
456 96 1079.47 659.59 105 1116.73 612.52 63.7736
457 90 1067.70 623.31 105 1116.73 612.52 50.2032
458 134 1190.08 609.90 131 1180.47 625.27 18.1226
459 200 1403.07 620.37 188 1367.77 608.60 37.2116
460 188 1367.77 608.60 177 1316.78 618.41 52.0402
461 442 929.44 674.30 436 911.79 606.64 69.9268
462 436 911.79 606.64 424 882.37 627.23 35.9097
463 356 664.93 603.53 367 698.01 627.32 40.7468
464 348 631.58 641.79 356 664.93 603.53 50.7551
465 256 22.86 621.84 6 -0.68 602.23 30.6353
466 219 1461.91 649.79 211 1429.55 600.76 58.7469
467 200 1403.07 620.37 211 1429.55 600.76 32.9493
468 339 596.52 600.27 348 631.58 641.79 54.3443
469 449 938.26 596.83 450 943.17 671.36 74.6878
470 436 911.79 606.64 449 938.26 596.83 28.2342
471 105 1116.73 612.52 134 1190.08 609.90 85.7472
472 462 981.41 671.36 461 970.62 584.08 87.9387
473 461 970.62 584.08 449 938.26 596.83 34.7807
474 394 791.66 678.71 372 715.17 582.61 124.6908
475 367 698.01 627.32 372 715.17 582.61 47.8836
476 218 1457.99 582.12 237 1521.73 678.22 115.3170
477 211 1429.55 600.76 218 1457.99 582.12 33.9977
478 344 622.99 569.87 356 664.93 603.53 53.7764
479 344 622.99 569.87 339 596.52 600.27 40.3127
480 248 167.50 649.79 358 67.48 567.41 129.5747
481 358 67.48 567.41 256 22.86 621.84 70.3757
482 90 1067.70 623.31 83 1044.17 563.49 64.2807
483 461 970.62 584.08 83 1044.17 563.49 76.3746
484 392 787.74 556.14 408 840.69 649.30 107.4050
485 250 191.03 614.48 263 245.46 550.25 84.1872
486 211 1429.55 600.76 193 1391.31 542.90 69.3538
487 160 1272.65 540.94 188 1367.77 608.60 117.0023
488 160 1272.65 540.94 134 1190.08 609.90 107.6953
489 426 884.33 536.03 436 911.79 606.64 75.7552
490 235 1519.77 532.11 41 1566.64 600.73 83.0970
491 218 1457.99 582.12 235 1519.77 532.11 79.4842
492 337 594.56 525.74 344 622.99 569.87 54.2944
493 449 938.26 596.83 437 912.43 525.23 76.1234
494 426 884.33 536.03 437 912.43 525.23 30.1104
495 461 970.62 584.08 452 948.07 511.52 75.9897
496 437 912.43 525.23 452 948.07 511.52 38.1814
497 271 287.63 509.07 320 516.60 717.45 309.5983
498 263 245.46 550.25 271 287.63 509.07 58.9430
499 358 67.48 567.41 5 -0.68 506.13 91.6572
500 414 860.30 505.15 426 884.33 536.03 39.1325
501 392 787.74 556.14 414 860.30 505.15 88.6900
502 378 745.57 495.34 392 787.74 556.14 73.9892
503 372 715.17 582.61 378 745.57 495.34 93.1300
504 193 1391.31 542.90 179 1325.60 494.85 82.5841
505 179 1325.60 494.85 160 1272.65 540.94 70.2012
506 160 1272.65 540.94 138 1211.85 489.95 79.3510
507 83 1044.17 563.49 138 1211.85 489.95 183.6294
508 224 1482.50 477.20 235 1519.77 532.11 66.3637
509 193 1391.31 542.90 224 1482.50 477.20 112.3991
510 263 245.46 550.25 245 155.24 470.82 120.2002
511 407 836.28 466.41 414 860.30 505.15 45.5801
512 407 836.28 466.41 378 745.57 495.34 97.1051
513 179 1325.60 494.85 190 1371.69 460.53 57.4643
514 271 287.63 509.07 277 325.87 459.06 62.9581
515 452 948.07 511.52 440 926.49 437.97 76.6448
516 440 926.49 437.97 407 836.28 466.41 94.5924
517 164 1280.50 434.05 179 1325.60 494.85 75.7044
518 138 1211.85 489.95 164 1280.50 434.05 88.5218
519 251 196.43 427.68 271 287.63 509.07 122.2350
520 245 155.24 470.82 251 196.43 427.68 59.6484
521 337 594.56 525.74 57 680.85 418.85 137.3734
522 245 155.24 470.82 66 91.50 415.91 84.1330
523 378 745.57 495.34 387 779.89 415.91 86.9831
524 224 1482.50 477.20 215 1439.36 415.42 75.3543
525 215 1439.36 415.42 190 1371.69 460.53 81.3199
526 138 1211.85 489.95 129 1179.49 410.52 85.7687
527 129 1179.49 410.52 452 948.07 511.52 253.1623
528 399 812.74 408.56 407 836.28 466.41 63.5004
529 387 779.89 415.91 399 812.74 408.56 33.6638
530 387 779.89 415.91 376 736.75 406.10 44.2473
531 376 736.75 406.10 344 622.99 569.87 199.3928
532 190 1371.69 460.53 180 1330.51 400.71 72.6250
533 180 1330.51 400.71 164 1280.50 434.05 60.1061
534 440 926.49 437.97 434 910.81 382.08 58.0553
535 399 812.74 408.56 434 910.81 382.08 102.8066
536 259 235.65 381.59 277 325.87 459.06 118.9133
537 259 235.65 381.59 251 196.43 427.68 60.5206
538 164 1280.50 434.05 147 1234.41 374.23 75.5136
539 129 1179.49 410.52 147 1234.41 374.23 65.8180
540 399 812.74 408.56 386 772.54 365.41 68.2042
541 376 736.75 406.10 386 772.54 365.41 54.1961
542 434 910.81 382.08 457 960.33 364.92 52.4101
543 294 412.16 363.94 337 594.56 525.74 243.8181
544 277 325.87 459.06 294 412.16 363.94 128.4304
545 129 1179.49 410.52 113 1136.84 357.07 68.3798
546 113 1136.84 357.07 440 926.49 437.97 225.4352
547 251 196.43 427.68 123 117.98 355.11 106.8644
548 4 -0.68 485.53 123 117.98 355.11 176.3197
549 197 1398.66 353.15 215 1439.36 415.42 74.3878
550 180 1330.51 400.71 197 1398.66 353.15 83.1066
551 180 1330.51 400.71 166 1287.36 337.95 76.1603
552 147 1234.41 374.23 166 1287.36 337.95 64.1909
553 457 960.33 364.92 81 1032.16 334.13 78.1556
554 81 1032.16 334.13 86 1049.56 326.67 18.9301
555 123 117.98 355.11 406 83.66 325.69 45.2040
556 406 83.66 325.69 3 -0.68 426.70 131.5814
557 44 174.85 325.69 259 235.65 381.59 82.5872
558 434 910.81 382.08 429 894.13 322.26 62.0969
559 386 772.54 365.41 429 894.13 322.26 129.0243
560 305 457.76 318.34 294 412.16 363.94 64.4861
561 147 1234.41 374.23 136 1193.71 317.85 69.5372
562 136 1193.71 317.85 113 1136.84 357.07 69.0898
563 113 1136.84 357.07 104 1105.46 315.89 51.7779
564 86 1049.56 326.67 104 1105.46 315.89 56.9262
565 457 960.33 364.92 451 946.26 306.89 59.7123
566 429 894.13 322.26 451 946.26 306.89 54.3480
567 459 962.29 302.16 81 1032.16 334.13 80.4116
568 451 946.26 306.89 459 962.29 302.16 16.7076
569 294 412.16 363.94 280 346.46 296.27 94.3124
570 186 1358.46 289.41 197 1398.66 353.15 75.3606
571 166 1287.36 337.95 186 1358.46 289.41 86.0849
572 166 1287.36 337.95 151 1243.72 281.57 71.2987
573 136 1193.71 317.85 151 1243.72 281.57 61.7865
574 376 736.75 406.10 333 585.73 275.68 210.6682
575 305 457.76 318.34 333 585.73 275.68 134.8923
576 86 1049.56 326.67 80 1030.93 275.68 54.2892
577 459 962.29 302.16 80 1030.93 275.68 73.5722
578 419 875.01 259.99 429 894.13 322.26 65.1389
579 280 346.46 296.27 274 302.33 252.15 62.4059
580 111 1133.89 250.19 136 1193.71 317.85 91.4303
581 104 1105.46 315.89 111 1133.89 250.19 71.5915
582 111 1133.89 250.19 80 1030.93 275.68 106.5789
583 209 1425.63 241.85 186 1358.46 289.41 82.3044
584 298 419.52 240.87 305 457.76 318.34 86.4033
585 280 346.46 296.27 298 419.52 240.87 91.7047
586 178 1320.21 230.57 186 1358.46 289.41 70.1739
587 151 1243.72 281.57 178 1320.21 230.57 91.9269
588 386 772.54 365.41 374 731.84 225.67 145.5427
589 374 731.84 225.67 333 585.73 275.68 154.4334
590 274 302.33 252.15 261 242.52 213.90 70.9980
591 261 242.52 213.90 123 117.98 355.11 188.2804
592 80 1030.93 275.68 75 1009.36 213.90 65.4371
593 75 1009.36 213.90 419 875.01 259.99 142.0299
594 317 500.91 213.41 298 419.52 240.87 85.8975
595 225 1483.48 202.63 209 1425.63 241.85 69.8993
596 333 585.73 275.68 326 550.92 200.67 84.2137
597 326 550.92 200.67 317 500.91 213.41 51.6105
598 333 585.73 275.68 331 572.49 190.86 86.8974
599 331 572.49 190.86 326 550.92 200.67 23.6976
600 209 1425.63 241.85 192 1385.42 183.99 70.4542
601 192 1385.42 183.99 178 1320.21 230.57 80.1378
602 289 387.16 183.01 298 419.52 240.87 66.2912
603 274 302.33 252.15 289 387.16 183.01 109.4540
604 225 1483.48 202.63 234 1512.90 182.03 35.9097
605 419 875.01 259.99 412 846.57 181.54 83.4444
606 374 731.84 225.67 412 846.57 181.54 122.9253
607 342 617.60 172.23 331 572.49 190.86 48.8046
608 122 1166.25 162.91 151 1243.72 281.57 141.7473
609 111 1133.89 250.19 122 1166.25 162.91 93.0808
610 75 1009.36 213.90 122 1166.25 162.91 165.0169
611 162 1278.04 161.93 178 1320.21 230.57 80.5597
612 252 198.39 159.97 261 242.52 213.90 69.6857
613 406 83.66 325.69 252 198.39 159.97 201.9774
614 234 1512.90 182.03 37 1565.64 143.74 65.1757
615 216 1445.24 142.81 225 1483.48 202.63 70.9980
616 192 1385.42 183.99 216 1445.24 142.81 72.6251
617 317 500.91 213.41 313 477.37 140.85 76.2865
618 313 477.37 140.85 289 387.16 183.01 99.5842
619 368 701.93 140.85 374 731.84 225.67 89.9416
620 342 617.60 172.23 368 701.93 140.85 89.9816
621 464 984.84 133.49 75 1009.36 213.90 84.0644
622 464 984.84 133.49 412 846.57 181.54 146.3777
623 234 1512.90 182.03 222 1471.72 124.18 71.0183
624 216 1445.24 142.81 222 1471.72 124.18 32.3751
625 282 353.82 118.29 289 387.16 183.01 72.8035
626 261 242.52 213.90 282 353.82 118.29 146.9132
627 361 68.46 115.35 50 41.00 139.87 36.8090
628 184 1343.26 115.35 192 1385.42 183.99 80.5597
629 162 1278.04 161.93 184 1343.26 115.35 80.1378
630 150 1243.72 110.94 162 1278.04 161.93 61.4665
631 412 846.57 181.54 403 821.08 101.13 84.3556
632 403 821.08 101.13 368 701.93 140.85 125.5894
633 338 595.05 98.68 342 617.60 172.23 76.9266
634 338 595.05 98.68 313 477.37 140.85 125.0004
635 464 984.84 133.49 99 1084.86 97.21 106.4000
636 133 1188.81 92.31 150 1243.72 110.94 57.9891
637 133 1188.81 92.31 122 1166.25 162.91 74.1191
638 230 15.50 83.97 361 68.46 115.35 61.5525
639 230 15.50 83.97 1 -0.18 117.31 36.8481
640 115 1144.68 77.60 133 1188.81 92.31 46.5145
641 99 1084.86 97.21 115 1144.68 77.60 62.9505
642 216 1445.24 142.81 198 1399.15 74.17 82.6803
643 198 1399.15 74.17 184 1343.26 115.35 69.4300
644 297 417.56 70.24 282 353.82 118.29 79.8222
645 368 701.93 140.85 362 680.36 70.24 73.8266
646 338 595.05 98.68 362 680.36 70.24 89.9282
647 184 1343.26 115.35 176 1312.86 64.36 59.3656
648 176 1312.86 64.36 150 1243.72 110.94 83.3607
649 252 198.39 159.97 130 118.90 63.69 127.1756
650 361 68.46 115.35 130 118.90 63.69 72.2063
651 272 297.92 61.42 282 353.82 118.29 83.0660
652 272 297.92 61.42 252 198.39 159.97 145.0096
653 313 477.37 140.85 302 447.96 57.50 88.3913
654 302 447.96 57.50 297 417.56 70.24 32.9638
655 222 1471.72 124.18 210 1425.63 56.51 81.8680
656 198 1399.15 74.17 210 1425.63 56.51 31.8209
657 454 957.38 51.12 464 984.84 133.49 86.8272
658 403 821.08 101.13 454 957.38 51.12 145.1904
659 130 118.90 63.69 405 83.17 42.79 41.3984
660 362 680.36 70.24 359 672.52 42.79 28.5559
661 395 799.51 36.41 403 821.08 101.13 68.2214
662 359 672.52 42.79 395 799.51 36.41 128.7617
663 405 83.17 42.79 283 36.10 30.04 48.7652
664 283 36.10 30.04 230 15.50 83.97 57.8706
665 187 1364.83 25.14 198 1399.15 74.17 59.8496
666 176 1312.86 64.36 187 1364.83 25.14 65.1130
667 283 36.10 30.04 2 -0.18 21.21 37.3407
668 297 417.56 70.24 310 471.49 19.25 74.7392
669 99 1084.86 97.21 89 1060.35 17.78 83.1269
670 89 1060.35 17.78 454 957.38 51.12 108.2279
671 329 568.57 12.39 338 595.05 98.68 90.2644
672 302 447.96 57.50 329 568.57 12.39 128.9809
673 405 83.17 42.79 145 123.37 9.45 52.2311
674 106 1119.19 -3.79 115 1144.68 77.60 85.4894
675 89 1060.35 17.78 106 1119.19 -3.79 62.6672
676 145 123.37 9.45 17 111.60 -5.26 18.8370
677 310 471.49 19.25 52 447.96 -5.26 33.9836
678 187 1364.83 25.14 24 1349.14 -5.26 34.2092
679 210 1425.63 56.51 25 1384.44 -5.26 74.2487
680 89 1060.35 17.78 15 1049.56 -5.75 25.8889
681 283 36.10 30.04 46 24.33 -6.24 42.6241
682 272 297.92 61.42 48 270.46 -6.24 73.7487
683 310 471.49 19.25 54 502.87 -6.24 40.5435
684 359 672.52 42.79 349 633.29 -6.24 62.7899
685 349 633.29 -6.24 329 568.57 12.39 67.3489
686 395 799.51 36.41 61 749.49 -6.73 70.3648
687 454 957.38 51.12 67 941.69 -6.73 59.9459
688 133 1188.81 92.31 21 1222.15 -6.73 104.5033
689 145 123.37 9.45 28 142.00 -7.23 25.0008
690 45 190.05 -7.23 272 297.92 61.42 127.8564
691 395 799.51 36.41 65 879.92 -7.72 92.7861
692 272 297.92 61.42 49 378.33 -8.21 107.7226
