1 87 1338.99 1444.80 33 1558.98 1522.47 233.8536
2 87 1338.99 1444.80 19 1253.01 1560.71 144.3171
3 130 435.14 1351.80 160 842.02 1561.05 457.5645
4 130 435.14 1351.80 42 298.55 1555.24 245.2101
5 65 1004.77 1273.33 87 1338.99 1444.80 375.6416
6 65 1004.77 1273.33 160 842.02 1561.05 336.9963
7 98 1456.77 1272.55 87 1338.99 1444.80 208.6679
8 94 1405.34 1235.62 98 1456.77 1272.55 63.3168
9 111 176.48 1221.02 130 435.14 1351.80 291.3532
10 111 176.48 1221.02 1 -3.71 1470.96 308.1205
11 65 1004.77 1273.33 69 1039.65 1200.67 80.5936
12 88 1339.40 1200.01 94 1405.34 1235.62 74.9408
13 105 1534.58 1167.04 35 1559.64 1180.23 28.3162
14 98 1456.77 1272.55 105 1534.58 1167.04 131.0946
15 88 1339.40 1200.01 83 1270.82 1163.09 77.8884
16 69 1039.65 1200.67 168 971.45 1161.77 78.5164
17 94 1405.34 1235.62 25 1456.77 1157.81 93.2730
18 168 971.45 1161.77 163 900.23 1130.12 77.9329
19 105 1534.58 1167.04 37 1560.96 1127.48 47.5506
20 83 1270.82 1163.09 76 1196.96 1126.16 82.5708
21 140 545.58 1119.30 65 1004.77 1273.33 490.0497
22 130 435.14 1351.80 140 545.58 1119.30 261.4396
23 83 1270.82 1163.09 21 1310.38 1097.15 76.8995
24 76 1196.96 1126.16 72 1121.02 1090.24 84.0107
25 69 1039.65 1200.67 72 1121.02 1090.24 137.1813
26 163 900.23 1130.12 154 776.26 1086.60 131.3861
27 140 545.58 1119.30 115 281.11 1066.99 269.6437
28 115 281.11 1066.99 111 176.48 1221.02 186.2060
29 163 900.23 1130.12 166 941.11 1064.18 77.5863
30 76 1196.96 1126.16 17 1232.57 1062.86 72.6308
31 154 776.26 1086.60 141 570.53 1049.67 209.0229
32 141 570.53 1049.67 140 545.58 1119.30 73.9629
33 91 1391.49 1045.05 88 1339.40 1200.01 171.0421
34 91 1391.49 1045.05 28 1493.04 1060.88 105.8500
35 166 941.11 1064.18 61 881.77 1033.84 66.6492
36 108 16.64 1017.58 53 66.04 1046.64 57.3208
37 108 16.64 1017.58 0 -0.80 1049.55 36.4155
38 120 355.56 1007.47 49 507.22 1035.16 154.1717
39 168 971.45 1161.77 11 1080.33 1000.14 194.8850
40 154 776.26 1086.60 58 803.96 983.73 106.5305
41 104 1522.05 960.65 31 1557.66 975.16 38.4498
42 166 941.11 1064.18 66 1009.69 958.67 125.8346
43 143 592.95 954.72 54 709.00 981.09 119.0154
44 141 570.53 1049.67 143 592.95 954.72 97.8825
45 133 45.70 953.64 115 281.11 1066.99 261.2855
46 133 45.70 953.64 108 16.64 1017.58 70.2334
47 75 1189.05 946.80 91 1391.49 1045.05 227.5221
48 72 1121.02 1090.24 75 1189.05 946.80 159.3074
49 96 1432.37 925.04 104 1522.05 960.65 96.4901
50 2 -3.71 924.58 133 45.70 953.64 57.3208
51 66 1009.69 958.67 164 913.42 919.11 104.0862
52 164 913.42 919.11 63 901.55 953.40 36.2855
53 143 592.95 954.72 124 385.89 916.47 210.5567
54 124 385.89 916.47 120 355.56 1007.47 95.9206
55 75 1189.05 946.80 15 1207.51 911.19 40.1101
56 157 822.42 896.69 164 913.42 919.11 94.3216
57 71 1057.17 892.73 75 1189.05 946.80 142.6814
58 66 1009.69 958.67 71 1057.17 892.73 81.2545
59 96 1432.37 925.04 89 1349.29 892.07 89.3880
60 148 719.55 886.14 157 822.42 896.69 103.4072
61 89 1349.29 892.07 22 1315.00 881.52 35.8756
62 127 397.76 872.95 124 385.89 916.47 45.1104
63 145 624.60 866.35 148 719.55 886.14 97.2188
64 145 624.60 866.35 143 592.95 954.72 93.8585
65 117 319.95 847.89 127 397.76 872.95 81.7453
66 120 355.56 1007.47 117 319.95 847.89 226.9245
67 104 1522.05 960.65 29 1543.15 839.32 123.8651
68 89 1349.29 892.07 24 1362.48 838.00 55.6565
69 129 416.23 830.75 50 527.01 857.12 113.8773
70 127 397.76 872.95 129 416.23 830.75 46.0642
71 159 839.57 803.05 71 1057.17 892.73 235.3748
72 157 822.42 896.69 159 839.57 803.05 95.8005
73 146 641.74 800.41 145 624.60 866.35 68.1331
74 117 319.95 847.89 95 141.91 779.31 190.7912
75 95 141.91 779.31 20 130.04 818.88 41.3065
76 148 719.55 886.14 56 749.89 775.36 114.8582
77 139 545.47 766.12 146 641.74 800.41 102.1976
78 95 141.91 779.31 7 0.80 737.11 147.7059
79 132 447.88 726.56 139 545.47 766.12 105.3073
80 129 416.23 830.75 132 447.88 726.56 108.8882
81 100 1475.23 726.56 30 1557.66 753.60 86.7465
82 100 1475.23 726.56 96 1432.37 925.04 204.0115
83 139 545.47 766.12 51 570.53 704.14 66.8576
84 109 173.56 702.82 46 352.92 770.08 191.5554
85 95 141.91 779.31 109 173.56 702.82 82.7813
86 93 1404.02 701.50 100 1475.23 726.56 75.4957
87 85 1317.64 678.42 93 1404.02 701.50 89.4124
88 152 767.03 671.17 59 809.23 688.31 45.5517
89 122 372.70 657.98 132 447.88 726.56 102.2158
90 80 1239.83 656.00 85 1317.64 678.42 80.9758
91 109 173.56 702.82 122 372.70 657.98 238.0833
92 152 767.03 671.17 57 772.31 646.11 25.6068
93 147 699.77 644.79 152 767.03 671.17 72.2465
94 146 641.74 800.41 147 699.77 644.79 166.0871
95 73 1156.74 634.90 80 1239.83 656.00 85.7230
96 134 5.41 626.99 64 95.09 679.74 104.0444
97 134 5.41 626.99 5 0.14 642.82 16.6818
98 122 372.70 657.98 125 391.17 609.19 52.1724
99 165 932.54 578.19 73 1156.74 634.90 231.8717
100 165 932.54 578.19 159 839.57 803.05 246.2367
101 135 500.63 569.62 132 447.88 726.56 165.5679
102 161 846.16 569.62 165 932.54 578.19 86.8067
103 161 846.16 569.62 60 839.57 603.91 34.9175
104 135 500.63 569.62 52 575.80 566.98 76.3273
105 150 728.78 552.48 161 846.16 569.62 118.6201
106 150 728.78 552.48 147 699.77 644.79 96.7691
107 119 35.75 550.50 18 125.43 594.02 99.6819
108 119 35.75 550.50 134 5.41 626.99 82.2861
109 125 391.17 609.19 41 240.82 548.52 162.1232
110 73 1156.74 634.90 74 1164.65 543.90 91.3416
111 119 35.75 550.50 4 0.14 530.72 40.7341
112 125 391.17 609.19 126 396.44 523.46 91.8174
113 106 1535.90 501.04 32 1558.32 505.00 22.7662
114 93 1404.02 701.50 106 1535.90 501.04 303.2488
115 155 79.27 480.60 38 159.72 518.85 89.0762
116 155 79.27 480.60 119 35.75 550.50 82.3389
117 151 748.57 478.62 150 728.78 552.48 76.4572
118 126 396.44 523.46 47 439.96 475.99 64.4063
119 126 396.44 523.46 121 358.20 470.71 66.2757
120 137 533.60 466.75 135 500.63 569.62 108.0222
121 74 1164.65 543.90 12 1084.21 455.54 146.0626
122 137 533.60 466.75 151 748.57 478.62 222.2130
123 151 748.57 478.62 153 773.62 396.86 85.5199
124 136 533.60 390.26 137 533.60 466.75 76.9039
125 121 358.20 470.71 110 174.88 384.99 211.4284
126 110 174.88 384.99 155 79.27 480.60 136.0483
127 123 381.94 378.39 136 533.60 390.26 153.5530
128 121 358.20 470.71 123 381.94 378.39 95.3203
129 77 1197.62 376.41 74 1164.65 543.90 171.2709
130 153 773.62 396.86 136 533.60 390.26 246.8246
131 123 381.94 378.39 116 304.13 357.29 81.1412
132 156 796.70 346.08 153 773.62 396.86 55.7736
133 106 1535.90 501.04 107 1558.32 344.10 158.5324
134 68 1018.26 336.85 77 1197.62 376.41 184.5198
135 165 932.54 578.19 68 1018.26 336.85 256.2007
136 107 1558.32 344.10 99 1466.00 330.92 93.2543
137 99 1466.00 330.92 26 1456.77 399.49 69.1970
138 116 304.13 357.29 114 247.42 325.64 65.1792
139 114 247.42 325.64 110 174.88 384.99 93.7194
140 156 796.70 346.08 68 1018.26 336.85 226.9059
141 99 1466.00 330.92 90 1374.35 317.07 92.6979
142 85 1317.64 678.42 90 1374.35 317.07 365.7782
143 90 1374.35 317.07 84 1292.58 309.15 82.1486
144 80 1239.83 656.00 84 1292.58 309.15 350.8372
145 128 406.99 304.54 123 381.94 378.39 77.9888
146 84 1292.58 309.15 78 1212.13 297.29 81.3186
147 78 1212.13 297.29 77 1197.62 376.41 80.4477
148 149 727.47 259.70 55 732.74 290.03 30.7881
149 128 406.99 304.54 149 727.47 259.70 325.7597
150 114 247.42 325.64 112 192.69 252.45 91.6047
151 112 192.69 252.45 9 1.46 400.15 241.6314
152 116 304.13 357.29 45 341.05 251.79 111.7808
153 78 1212.13 297.29 70 1045.96 249.81 173.5042
154 68 1018.26 336.85 70 1045.96 249.81 91.3417
155 103 1512.16 237.28 36 1559.64 242.55 47.7696
156 158 829.67 235.30 156 796.70 346.08 115.5827
157 149 727.47 259.70 158 829.67 235.30 105.0799
158 70 1045.96 249.81 167 962.87 228.71 85.8568
159 167 962.87 228.71 158 829.67 235.30 135.1508
160 92 1398.74 221.45 103 1512.16 237.28 114.5169
161 92 1398.74 221.45 90 1374.35 317.07 98.8643
162 92 1398.74 221.45 86 1319.61 210.90 79.8292
163 86 1319.61 210.90 79 1229.93 201.67 90.1535
164 78 1212.13 297.29 79 1229.93 201.67 97.2576
165 112 192.69 252.45 102 150.48 194.42 72.3778
166 102 150.48 194.42 3 0.14 297.29 183.9693
167 112 192.69 252.45 118 336.44 145.62 179.0969
168 86 1319.61 210.90 23 1340.72 137.05 76.8089
169 79 1229.93 201.67 81 1240.49 123.86 78.5222
170 81 1240.49 123.86 14 1191.69 111.99 50.2190
171 103 1512.16 237.28 34 1559.11 110.08 136.0223
172 138 534.92 106.72 128 406.99 304.54 266.0529
173 118 336.44 145.62 138 534.92 106.72 202.3848
174 102 150.48 194.42 97 145.21 102.10 92.6356
175 97 145.21 102.10 6 0.80 192.44 173.6273
176 113 220.38 88.91 40 238.84 110.01 28.0384
177 97 145.21 102.10 113 220.38 88.91 78.2292
178 144 596.24 88.91 138 534.92 106.72 63.8571
179 167 962.87 228.71 70 1045.96 249.81 454.5551
180 81 1240.49 123.86 82 1264.22 61.88 66.3746
181 131 44.32 56.60 8 0.80 90.89 55.4060
182 101 1476.55 44.73 92 1398.74 221.45 194.1964
183 82 1264.22 61.88 16 1220.70 35.50 50.8899
184 82 1264.22 61.88 101 1476.55 44.73 220.4341
185 158 829.67 235.30 162 890.34 26.93 217.9014
186 162 890.34 26.93 144 596.24 88.91 300.5569
187 97 145.21 102.10 67 101.03 15.72 99.5646
188 67 101.03 15.72 131 44.32 56.60 69.9097
189 144 596.24 88.91 142 590.97 4.51 85.1392
190 113 220.38 88.91 39 236.87 3.85 88.5950
191 131 44.32 56.60 43 3.44 2.53 67.9002
192 118 336.44 145.62 44 331.82 2.53 143.8934
193 101 1476.55 44.73 27 1487.10 2.53 43.8993
194 142 590.97 4.51 48 489.42 1.87 105.3333
195 162 890.34 26.93 62 887.70 1.87 25.1959
196 162 890.34 26.93 10 1019.58 0.55 131.9079
197 67 101.03 15.72 13 118.17 -0.11 23.3322
