1 16 126.51 1557.25 83 127.02 1515.34 41.9087
2 35 4.02 1515.34 83 127.02 1515.34 123.0013
3 33 300.58 1560.47 122 300.99 1515.34 45.1310
4 83 127.02 1515.34 122 300.99 1515.34 173.9700
5 36 481.10 1563.69 139 481.67 1515.34 48.3560
6 122 300.99 1515.34 139 481.67 1515.34 180.6736
7 40 700.30 1560.47 164 700.69 1515.34 45.1309
8 164 700.69 1515.34 38 593.31 1561.34 116.8128
9 139 481.67 1515.34 164 700.69 1515.34 219.0256
10 42 893.71 1560.47 180 894.45 1515.34 45.1353
11 164 700.69 1515.34 180 894.45 1515.34 193.7620
12 12 1029.10 1560.47 45 1029.34 1515.34 45.1298
13 180 894.45 1515.34 45 1029.34 1515.34 134.8902
14 14 1109.68 1563.69 58 1110.52 1515.34 48.3598
15 45 1029.34 1515.34 58 1110.52 1515.34 81.1748
16 15 1212.84 1560.47 69 1213.41 1515.34 45.1328
17 58 1110.52 1515.34 69 1213.41 1515.34 102.8899
18 17 1385.36 1559.88 88 1384.75 1515.34 44.5440
19 69 1213.41 1515.34 88 1384.75 1515.34 171.3413
20 103 1476.37 1513.14 19 1476.37 1559.78 46.6404
21 103 1476.37 1513.14 88 1384.75 1515.34 91.6480
22 103 1476.37 1513.14 23 1554.10 1513.14 77.7339
23 180 894.45 1515.34 181 895.99 1422.24 93.1164
24 181 895.99 1422.24 164 700.69 1515.34 216.3541
25 83 127.02 1515.34 84 128.35 1405.89 109.4649
26 0 -0.57 1405.87 84 128.35 1405.89 128.9214
27 45 1029.34 1515.34 46 1030.15 1367.63 147.7112
28 46 1030.15 1367.63 181 895.99 1422.24 144.8494
29 58 1110.52 1515.34 65 1119.35 1363.84 151.7624
30 65 1119.35 1363.84 46 1030.15 1367.63 89.2852
31 69 1213.41 1515.34 70 1215.37 1360.61 154.7408
32 70 1215.37 1360.61 65 1119.35 1363.84 96.0657
33 88 1384.75 1515.34 89 1387.14 1360.61 154.7469
34 89 1387.14 1360.61 70 1215.37 1360.61 171.7742
35 104 1479.48 1359.23 25 1555.66 1360.78 76.1951
36 104 1479.48 1359.23 103 1476.37 1513.14 153.9445
37 104 1479.48 1359.23 89 1387.14 1360.61 92.3500
38 65 1119.35 1363.84 63 1119.19 1321.76 42.0772
39 46 1030.15 1367.63 63 1119.19 1321.76 100.1585
40 48 1030.46 1311.62 63 1119.19 1321.76 90.9417
41 46 1030.15 1367.63 48 1030.46 1311.62 56.0190
42 182 897.82 1310.87 48 1030.46 1311.62 132.6350
43 181 895.99 1422.24 182 897.82 1310.87 111.3859
44 165 702.48 1309.77 182 897.82 1310.87 195.3480
45 164 700.69 1515.34 165 702.48 1309.77 205.5827
46 163 608.87 1309.24 165 702.48 1309.77 93.6093
47 164 700.69 1515.34 163 608.87 1309.24 225.6305
48 163 608.87 1309.24 140 484.08 1308.54 124.7885
49 139 481.67 1515.34 140 484.08 1308.54 206.8196
50 123 302.87 1307.52 140 484.08 1308.54 181.2145
51 122 300.99 1515.34 123 302.87 1307.52 207.8348
52 85 129.55 1306.54 123 302.87 1307.52 173.3226
53 84 128.35 1405.89 85 129.55 1306.54 99.3531
54 44 0.80 1305.81 85 129.55 1306.54 128.7578
55 70 1215.37 1360.61 71 1216.33 1284.34 76.2836
56 63 1119.19 1321.76 71 1216.33 1284.34 104.1049
57 106 1481.03 1209.98 104 1479.48 1359.23 149.2571
58 106 1481.03 1209.98 21 1552.55 1209.98 71.5151
59 91 1389.50 1207.68 106 1481.03 1209.98 91.5596
60 89 1387.14 1360.61 91 1389.50 1207.68 152.9521
61 71 1216.33 1284.34 91 1389.50 1207.68 189.3800
62 85 129.55 1306.54 86 131.24 1167.20 139.3465
63 123 302.87 1307.52 124 304.14 1167.20 140.3185
64 86 131.24 1167.20 124 304.14 1167.20 172.9007
65 140 484.08 1308.54 141 485.74 1167.20 141.3433
66 124 304.14 1167.20 141 485.74 1167.20 181.5949
67 163 608.87 1309.24 145 548.23 1167.20 154.4408
68 141 485.74 1167.20 145 548.23 1167.20 62.4910
69 165 702.48 1309.77 167 703.72 1167.20 142.5695
70 145 548.23 1167.20 167 703.72 1167.20 155.4901
71 182 897.82 1310.87 183 900.19 1167.20 143.6841
72 167 703.72 1167.20 183 900.19 1167.20 196.4733
73 48 1030.46 1311.62 49 1031.25 1167.20 144.4140
74 183 900.19 1167.20 49 1031.25 1167.20 131.0540
75 63 1119.19 1321.76 59 1116.52 1167.20 154.5802
76 49 1031.25 1167.20 59 1116.52 1167.20 85.2748
77 71 1216.33 1284.34 72 1217.81 1167.20 117.1426
78 59 1116.52 1167.20 72 1217.81 1167.20 101.2943
79 91 1389.50 1207.68 92 1390.13 1167.20 40.4816
80 72 1217.81 1167.20 92 1390.13 1167.20 172.3151
81 159 60.06 1166.45 86 131.24 1167.20 71.1861
82 44 0.80 1305.81 159 60.06 1166.45 151.4434
83 159 60.06 1166.45 6 0.98 1169.56 59.1595
84 90 1389.31 1124.47 92 1390.13 1167.20 42.7398
85 90 1389.31 1124.47 105 1481.03 1122.92 91.7392
86 105 1481.03 1122.92 20 1552.55 1121.36 71.5320
87 74 1219.28 1051.16 90 1389.31 1124.47 185.1582
88 72 1217.81 1167.20 74 1219.28 1051.16 116.0557
89 59 1116.52 1167.20 60 1118.69 1041.48 125.7374
90 50 1031.93 1041.23 60 1118.69 1041.48 86.7544
91 49 1031.25 1167.20 50 1031.93 1041.23 125.9708
92 184 902.27 1040.86 50 1031.93 1041.23 129.6603
93 183 900.19 1167.20 184 902.27 1040.86 126.3597
94 159 60.06 1166.45 146 55.40 1040.52 126.0152
95 146 55.40 1040.52 5 0.98 1040.52 54.4137
96 168 704.82 1040.29 184 902.27 1040.86 197.4531
97 167 703.72 1167.20 168 704.82 1040.29 126.9163
98 155 563.78 1039.89 168 704.82 1040.29 141.0411
99 145 548.23 1167.20 155 563.78 1039.89 131.5696
100 142 487.23 1039.66 155 563.78 1039.89 76.5527
101 141 485.74 1167.20 142 487.23 1039.66 127.5473
102 125 305.30 1039.14 142 487.23 1039.66 181.9284
103 124 304.14 1167.20 125 305.30 1039.14 128.0681
104 87 132.80 1038.64 125 305.30 1039.14 172.5021
105 86 131.24 1167.20 87 132.80 1038.64 128.5694
106 146 55.40 1040.52 87 132.80 1038.64 77.4272
107 64 1119.35 1002.80 74 1219.28 1051.16 111.0124
108 60 1118.69 1041.48 64 1119.35 1002.80 38.6860
109 78 1221.40 989.21 74 1219.28 1051.16 61.9787
110 64 1119.35 1002.80 78 1221.40 989.21 104.8799
111 90 1389.31 1124.47 96 1397.08 987.66 137.0322
112 78 1221.40 989.21 96 1397.08 987.66 175.6855
113 107 1482.59 986.11 24 1554.10 989.21 71.5828
114 105 1481.03 1122.92 107 1482.59 986.11 136.8204
115 107 1482.59 986.11 96 1397.08 987.66 85.5213
116 51 1032.32 970.57 64 1119.35 1002.80 92.8125
117 50 1031.93 1041.23 51 1032.32 970.57 70.6663
118 87 132.80 1038.64 118 182.88 917.70 130.9042
119 155 563.78 1039.89 156 565.33 917.70 122.1958
120 134 431.63 916.14 156 565.33 917.70 133.7113
121 142 487.23 1039.66 134 431.63 916.14 135.4576
122 126 306.42 915.77 134 431.63 916.14 125.2102
123 125 305.30 1039.14 126 306.42 915.77 123.3760
124 118 182.88 917.70 126 306.42 915.77 123.5538
125 168 704.82 1040.29 169 705.90 915.77 124.5270
126 156 565.33 917.70 169 705.90 915.77 140.5882
127 148 55.40 913.04 118 182.88 917.70 127.5689
128 146 55.40 1040.52 148 55.40 913.04 127.4836
129 148 55.40 913.04 4 -0.57 913.04 55.9684
130 186 902.69 913.04 51 1032.32 970.57 141.8199
131 186 902.69 913.04 184 902.27 1040.86 127.8262
132 179 873.16 892.82 186 902.69 913.04 35.7914
133 169 705.90 915.77 179 873.16 892.82 175.8216
134 78 1221.40 989.21 73 1218.29 881.94 107.3178
135 73 1218.29 881.94 62 1118.79 880.39 99.5115
136 62 1118.79 880.39 64 1119.35 1002.80 122.4186
137 96 1397.08 987.66 95 1397.08 880.39 107.2728
138 95 1397.08 880.39 73 1218.29 881.94 178.7947
139 47 1030.18 878.83 62 1118.79 880.39 88.6302
140 51 1032.32 970.57 47 1030.18 878.83 91.7619
141 108 1484.14 878.83 22 1552.55 881.94 68.4765
142 108 1484.14 878.83 107 1482.59 986.11 107.2840
143 95 1397.08 880.39 108 1484.14 878.83 87.0758
144 187 904.25 877.28 47 1030.18 878.83 125.9385
145 179 873.16 892.82 187 904.25 877.28 34.7637
146 179 873.16 892.82 170 706.75 819.06 182.0246
147 169 705.90 915.77 170 706.75 819.06 96.7089
148 77 1221.40 797.99 73 1218.29 881.94 84.0101
149 93 1392.42 794.88 95 1397.08 880.39 85.6344
150 77 1221.40 797.99 93 1392.42 794.88 171.0428
151 154 563.77 754.46 170 706.75 819.06 156.8902
152 154 563.77 754.46 156 565.33 917.70 163.2486
153 148 55.40 913.04 147 55.40 751.35 161.6865
154 147 55.40 751.35 3 -0.57 784.00 64.7948
155 117 179.77 751.35 118 182.88 917.70 166.3795
156 147 55.40 751.35 117 179.77 751.35 124.3742
157 117 179.77 751.35 120 240.40 751.35 60.6324
158 120 240.40 751.35 130 372.55 751.35 132.1476
159 154 563.77 754.46 133 430.07 751.35 133.7385
160 133 430.07 751.35 134 431.63 916.14 164.8031
161 130 372.55 751.35 133 430.07 751.35 57.5231
162 109 1485.70 717.15 26 1555.66 721.81 70.1159
163 109 1485.70 717.15 108 1484.14 878.83 161.6939
164 94 1395.53 714.04 109 1485.70 717.15 90.2249
165 94 1395.53 714.04 93 1392.42 794.88 80.9030
166 185 902.69 712.48 187 904.25 877.28 164.8032
167 166 703.70 710.93 185 902.69 712.48 199.0048
168 170 706.75 819.06 166 703.70 710.93 108.1801
169 75 1219.85 710.93 94 1395.53 714.04 175.7061
170 75 1219.85 710.93 77 1221.40 797.99 87.0758
171 47 1030.18 878.83 52 1033.29 709.37 169.4884
172 52 1033.29 709.37 185 902.69 712.48 130.6300
173 61 1118.79 709.37 75 1219.85 710.93 101.0660
174 62 1118.79 880.39 61 1118.79 709.37 171.0145
175 61 1118.79 709.37 52 1033.29 709.37 85.5072
176 166 703.70 710.93 152 562.22 706.26 141.5525
177 152 562.22 706.26 154 563.77 754.46 48.2201
178 147 55.40 751.35 144 53.84 704.71 46.6662
179 144 53.84 704.71 9 0.98 707.82 52.9504
180 120 240.40 751.35 130 372.55 751.35 228.7314
181 75 1219.85 710.93 76 1221.40 608.32 102.6205
182 185 902.69 712.48 189 905.80 606.76 105.7638
183 67 1123.46 606.76 76 1221.40 608.32 97.9570
184 61 1118.79 709.37 67 1123.46 606.76 102.7147
185 54 1037.95 605.21 67 1123.46 606.76 85.5213
186 52 1033.29 709.37 54 1037.95 605.21 104.2678
187 189 905.80 606.76 54 1037.95 605.21 132.1568
188 153 563.77 603.65 152 562.22 706.26 102.6205
189 189 905.80 606.76 171 706.81 603.65 199.0230
190 166 703.70 710.93 171 706.81 603.65 107.3178
191 171 706.81 603.65 153 563.77 603.65 143.0303
192 94 1395.53 714.04 97 1398.64 602.10 111.9800
193 76 1221.40 608.32 97 1398.64 602.10 177.7276
194 97 1398.64 602.10 110 1487.25 598.99 88.6711
195 110 1487.25 598.99 32 1558.77 598.99 71.5151
196 144 53.84 704.71 143 53.84 594.33 110.3821
197 143 53.84 594.33 2 -0.57 595.88 54.4359
198 116 179.77 508.82 117 179.77 751.35 242.5297
199 153 563.77 603.65 151 562.22 508.82 94.8481
200 116 179.77 508.82 149 56.95 505.71 122.8589
201 143 53.84 594.33 149 56.95 505.71 88.6711
202 151 562.22 508.82 135 434.74 505.71 127.5215
203 133 430.07 751.35 135 434.74 505.71 245.6833
204 149 56.95 505.71 8 0.98 488.61 58.5228
205 188 905.80 477.73 189 905.80 606.76 129.0383
206 76 1221.40 608.32 80 1222.96 477.73 130.6022
207 97 1398.64 602.10 99 1400.19 477.73 124.3839
208 99 1400.19 477.73 80 1222.96 477.73 177.2333
209 54 1037.95 605.21 53 1037.95 476.17 129.0382
210 53 1037.95 476.17 188 905.80 477.73 132.1568
211 80 1222.96 477.73 68 1125.01 476.17 97.9570
212 67 1123.46 606.76 68 1125.01 476.17 130.6022
213 68 1125.01 476.17 53 1037.95 476.17 87.0619
214 111 1490.36 476.17 28 1557.21 480.83 67.0137
215 110 1487.25 598.99 111 1490.36 476.17 122.8589
216 111 1490.36 476.17 99 1400.19 477.73 90.1847
217 174 709.91 465.29 188 905.80 477.73 196.6156
218 174 709.91 465.29 171 706.81 603.65 138.4012
219 151 562.22 508.82 174 709.91 465.29 153.9759
220 135 434.74 505.71 132 428.52 448.19 57.8582
221 174 709.91 465.29 176 807.86 429.53 104.2678
222 150 562.22 403.10 151 562.22 508.82 105.7181
223 174 709.91 465.29 173 708.36 403.10 62.2065
224 173 708.36 403.10 150 562.22 403.10 146.1397
225 177 809.41 403.10 176 807.86 429.53 26.4752
226 173 708.36 403.10 177 809.41 403.10 101.0540
227 188 905.80 477.73 191 908.91 399.99 77.7960
228 191 908.91 399.99 176 807.86 429.53 105.2828
229 177 809.41 403.10 191 908.91 399.99 99.5480
230 119 234.18 396.88 116 179.77 508.82 128.5482
231 150 562.22 403.10 136 464.28 396.88 98.1419
232 132 428.52 448.19 136 464.28 396.88 63.0824
233 161 60.06 395.33 119 234.18 396.88 174.1308
234 149 56.95 505.71 161 60.06 395.33 110.4259
235 161 60.06 395.33 7 0.98 390.66 59.2616
236 119 234.18 396.88 121 265.28 384.44 33.4888
237 132 428.52 448.19 129 361.67 382.89 93.4489
238 121 265.28 384.44 129 361.67 382.89 96.4026
239 136 464.28 396.88 131 389.65 372.01 78.6611
240 131 389.65 372.01 129 361.67 382.89 30.0258
241 53 1037.95 476.17 55 1041.06 351.80 124.4131
242 191 908.91 399.99 55 1041.06 351.80 140.6617
243 68 1125.01 476.17 66 1123.46 325.37 150.8118
244 55 1041.06 351.80 66 1123.46 325.37 86.5329
245 80 1222.96 477.73 79 1222.96 325.37 152.3584
246 66 1123.46 325.37 79 1222.96 325.37 99.4994
247 79 1222.96 325.37 98 1400.19 325.37 177.2333
248 99 1400.19 477.73 98 1400.19 325.37 152.3584
249 113 1491.92 325.37 27 1557.21 326.92 65.3150
250 113 1491.92 325.37 111 1490.36 476.17 150.8118
251 98 1400.19 325.37 113 1491.92 325.37 91.7260
252 177 809.41 403.10 178 810.31 309.81 93.2949
253 172 708.36 308.27 178 810.31 309.81 101.9667
254 172 708.36 308.27 173 708.36 403.10 94.8353
255 191 908.91 399.99 190 908.91 308.27 91.7260
256 178 810.31 309.81 190 908.91 308.27 98.6106
257 138 481.38 288.05 150 562.22 403.10 147.3869
258 131 389.65 372.01 138 481.38 288.05 125.7065
259 79 1222.96 325.37 81 1226.84 288.05 37.5141
260 81 1226.84 288.05 66 1123.46 325.37 109.9131
261 161 60.06 395.33 160 60.06 274.06 121.2649
262 160 60.06 274.06 1 -0.57 275.62 60.6524
263 112 1491.92 235.20 31 1558.77 236.75 66.8691
264 113 1491.92 325.37 112 1491.92 235.20 90.1713
265 101 1403.30 228.98 98 1400.19 325.37 96.4401
266 81 1226.84 288.05 101 1403.30 228.98 186.0830
267 56 1042.62 208.77 66 1123.46 325.37 192.9145
268 55 1041.06 351.80 56 1042.62 208.77 143.0388
269 112 1491.92 235.20 114 1493.47 196.33 38.8980
270 114 1493.47 196.33 101 1403.30 228.98 95.8998
271 190 908.91 308.27 43 910.47 193.22 115.0566
272 137 479.04 190.11 138 481.38 288.05 99.2322
273 160 60.06 274.06 158 58.50 187.00 87.0758
274 158 58.50 187.00 10 1.76 187.00 56.7457
275 121 265.28 384.44 115 160.34 177.67 271.5960
276 114 1493.47 196.33 30 1558.77 169.90 70.4424
277 100 1403.30 154.35 114 1493.47 196.33 99.4629
278 101 1403.30 228.98 100 1403.30 154.35 74.6245
279 128 320.47 95.27 137 479.04 190.11 193.4877
280 115 160.34 177.67 128 320.47 95.27 186.1998
281 150 562.22 403.10 157 570.77 31.53 371.6663
282 137 479.04 190.11 157 570.77 31.53 194.0515
283 56 1042.62 208.77 57 1044.17 31.53 177.2401
284 82 1227.62 31.53 81 1226.84 288.05 256.5230
285 57 1044.17 31.53 82 1227.62 31.53 183.4520
286 127 318.91 29.98 157 570.77 31.53 251.8626
287 128 320.47 95.27 127 318.91 29.98 65.3150
288 175 714.58 28.42 57 1044.17 31.53 329.6063
289 175 714.58 28.42 172 708.36 308.27 279.9352
290 157 570.77 31.53 175 714.58 28.42 143.8413
291 100 1403.30 154.35 102 1404.86 28.42 125.9385
292 82 1227.62 31.53 102 1404.86 28.42 177.2604
293 102 1404.86 28.42 29 1557.99 28.42 153.1357
294 162 60.84 26.87 127 318.91 29.98 258.0952
295 115 160.34 177.67 162 60.84 26.87 187.1538
296 158 58.50 187.00 162 60.84 26.87 160.1488
297 162 60.84 26.87 11 1.76 29.98 59.1595
298 127 318.91 29.98 34 318.91 1.99 27.9842
299 157 570.77 31.53 37 573.88 1.99 29.7021
300 175 714.58 28.42 41 716.13 1.99 26.4752
301 162 60.84 26.87 39 60.84 0.44 26.4295
302 57 1044.17 31.53 13 1043.39 0.44 31.1033
303 102 1404.86 28.42 18 1402.52 0.44 28.0812
